150 37646 40898 
281 126 415 277 191 738 9 1 766 164 
246 139 54 324 910 644 229 454 692 773 
177 664 965 617 787 790 687 1026 769 810 
425 896 279 213 106 588 846 899 418 737 
663 762 756 987 559 743 1 896 1 639 
551 403 975 114 397 498 41 956 92 872 
388 359 60 777 556 121 57 1 664 638 
405 439 873 677 760 742 156 813 267 941 
325 607 740 790 1017 545 1 839 669 70 
961 92 558 460 29 330 538 237 895 420 
489 1 774 551 1071 93 128 57 78 502 
925 539 585 786 287 233 492 819 612 398 
515 32 315 308 378 225 395 741 595 881 
920 478 765 797 386 338 434 507 250 659 
637 111 831 793 1 75 332 506 277 591 

265 165 363 332 197 787 6 37 790 259 
197 212 109 285 942 686 302 385 714 687 
254 721 941 520 870 705 691 993 743 720 
395 869 293 134 53 674 765 998 341 736 
584 707 823 919 648 692 83 883 8 561 
520 409 926 133 442 465 50 972 189 907 
478 332 113 852 573 125 46 72 741 571 
351 431 959 768 833 642 196 820 346 852 
399 671 756 779 927 467 1 741 643 28 
990 70 646 489 25 246 586 322 965 501 
406 41 739 585 994 131 200 84 72 462 
836 504 586 770 350 324 560 786 554 430 
601 50 237 336 318 304 461 765 572 924 
955 506 768 833 346 255 402 524 343 717 
700 202 848 888 50 3 311 420 242 587 
