150 36808 40302 
13 130 350 698 338 361 189 192 470 472 
322 925 624 478 784 102 158 533 462 624 
326 425 526 192 679 902 742 208 398 791 
201 697 211 489 938 826 300 548 234 1025 
185 538 179 424 620 153 589 389 595 1032 
1016 111 298 566 8 878 117 94 8 349 
601 552 461 246 204 474 50 700 903 159 
689 970 70 1 949 381 110 624 270 587 
786 661 751 607 419 710 337 732 685 789 
46 897 435 79 544 841 321 259 241 1 
442 485 738 998 352 134 34 620 331 701 
487 324 943 489 629 587 836 807 1040 134 
532 288 157 544 1053 182 597 144 293 756 
790 112 18 524 422 482 664 880 903 831 
152 177 439 672 438 611 964 681 822 456 

91 103 373 774 327 293 232 279 472 533 
223 894 543 463 848 24 216 571 500 697 
328 427 623 234 712 995 661 203 361 818 
157 751 247 440 927 756 335 456 135 986 
266 581 233 473 610 158 653 357 578 947 
978 35 280 623 60 923 156 70 55 277 
664 622 427 206 111 551 88 650 815 69 
769 993 129 10 899 460 62 662 236 582 
705 657 742 509 513 797 427 791 597 878 
104 800 488 147 539 912 412 268 287 47 
472 547 821 907 388 213 58 526 290 648 
390 402 956 460 584 670 754 836 996 64 
587 356 111 594 976 90 511 79 342 846 
829 164 34 491 468 521 652 974 937 759 
142 228 394 658 412 557 969 750 788 469 
