150 36806 40683 
167 410 785 169 674 445 548 950 433 701 
729 610 770 845 986 690 556 383 258 570 
768 362 675 67 697 628 1 970 334 27 
94 250 355 740 936 734 568 156 203 659 
270 527 204 5 139 854 95 164 452 547 
556 957 302 637 778 332 1 421 472 153 
186 711 846 1039 15 408 977 110 1 745 
300 11 945 144 9 944 544 738 867 131 
919 252 168 516 75 862 183 503 438 687 
829 935 60 200 244 221 730 600 668 621 
579 80 333 660 509 708 484 642 556 350 
852 176 865 975 556 191 644 172 576 637 
251 953 687 308 352 599 819 613 1 895 
486 206 609 781 814 811 663 297 814 141 
180 838 443 272 808 375 89 384 939 437 

182 479 713 86 611 364 572 910 340 733 
802 598 819 863 995 703 596 299 232 545 
828 386 739 9 619 571 1 930 428 2 
176 254 266 824 963 732 667 119 107 625 
334 428 213 24 174 861 104 188 446 515 
573 923 380 567 807 314 56 445 419 253 
91 773 878 941 42 383 939 49 35 788 
204 56 941 210 54 939 537 654 823 141 
964 248 81 460 68 796 142 455 497 694 
867 911 107 106 303 184 816 507 627 599 
540 147 241 675 504 669 454 717 509 360 
777 162 912 900 516 149 566 204 528 639 
334 923 762 257 356 617 770 614 1 974 
472 156 677 859 839 729 592 197 868 151 
146 891 374 338 768 365 69 366 951 405 
