150 39579 43120 
215 550 599 623 660 302 187 618 450 255 
425 398 72 740 268 400 443 637 564 728 
460 1007 513 559 669 571 869 63 980 9 
686 406 1068 650 728 316 257 746 797 284 
535 237 170 970 924 1026 857 893 920 72 
1026 953 734 666 257 607 257 627 466 619 
635 352 335 470 798 493 338 956 456 727 
952 599 355 861 325 630 929 833 62 579 
937 430 193 129 353 599 440 488 268 551 
427 1 941 922 582 115 292 153 68 629 
526 405 197 689 141 897 180 683 52 488 
10 442 308 26 865 765 288 278 950 491 
258 180 992 815 534 543 840 460 928 787 
41 642 195 99 90 691 827 383 395 803 
739 657 618 217 857 703 251 929 947 221 

144 604 674 643 708 394 141 548 445 298 
332 451 44 684 197 477 533 560 505 726 
501 984 580 623 589 488 874 80 910 87 
586 492 988 701 812 281 324 789 844 311 
495 178 270 878 959 931 762 938 887 64 
943 928 677 700 249 616 337 531 476 594 
653 291 360 379 804 484 285 951 412 674 
934 622 350 871 384 585 843 835 17 579 
846 430 259 114 286 626 352 396 306 619 
381 69 917 872 648 77 297 193 76 580 
509 376 266 632 137 946 239 699 151 453 
99 471 393 121 797 819 239 265 977 437 
200 105 972 783 613 559 812 516 931 731 
98 665 231 112 185 734 913 363 494 764 
739 689 631 231 881 690 334 963 913 258 
