150 33270 36757 
53 171 725 565 869 49 269 197 804 673 
574 836 704 286 60 177 784 229 227 721 
525 416 92 6 180 828 564 640 439 1067 
424 585 944 57 609 829 247 626 811 278 
630 828 355 267 897 534 318 526 1 670 
853 29 291 865 694 332 100 846 1 1000 
521 202 82 777 73 822 1014 181 326 58 
158 560 728 117 191 101 358 839 546 5 
306 100 205 648 547 556 793 29 836 1 
260 172 492 689 178 6 547 622 267 613 
785 787 328 857 716 69 1 20 176 180 
214 862 726 217 921 486 161 493 201 68 
728 57 724 123 865 150 761 255 143 553 
318 1 798 648 445 450 70 581 649 382 
471 318 383 241 234 650 33 664 787 259 

38 175 769 590 835 108 324 126 756 685 
514 886 763 223 131 271 700 243 232 793 
436 466 75 97 243 803 625 738 372 994 
432 510 938 16 595 884 227 527 843 289 
566 796 277 360 990 613 416 612 78 579 
877 99 388 831 671 426 192 901 35 909 
515 125 30 709 42 863 955 273 323 28 
188 656 821 154 158 83 409 862 631 69 
220 16 201 660 452 612 854 47 857 30 
219 143 427 786 79 80 528 707 299 607 
764 731 257 931 624 45 46 69 85 136 
217 826 704 300 836 405 62 580 280 103 
798 139 762 137 804 177 714 190 217 614 
240 4 861 587 431 409 120 501 620 399 
538 283 398 314 176 613 85 702 815 285 
