300 74928 82320 
645 520 1 275 214 114 455 1 246 747 
918 193 886 964 1022 616 404 148 478 490 
179 381 714 321 434 465 102 761 657 855 
69 395 665 848 489 870 128 674 452 183 
556 523 759 261 625 53 713 971 118 3 
346 977 627 132 712 33 1030 236 1 513 
948 443 732 93 975 82 554 334 738 674 
318 512 440 463 115 870 344 1053 87 150 
392 60 868 958 884 182 609 373 952 664 
663 798 491 1025 161 437 249 594 101 318 
1 947 697 857 586 904 93 58 880 927 
95 280 23 529 239 396 666 670 850 643 
565 417 844 526 591 419 238 836 244 494 
436 126 193 67 553 819 388 260 461 233 
1051 380 883 731 870 53 752 165 773 224 
301 373 668 511 306 212 976 395 462 496 
770 783 920 402 769 362 156 59 385 901 
552 808 795 668 347 1 897 954 272 159 
503 448 835 848 620 1092 892 243 211 887 
1 716 116 693 369 262 219 823 887 573 
801 299 129 306 383 1087 268 503 303 255 
373 173 919 423 924 379 78 813 487 431 
206 321 346 1034 73 151 389 615 722 560 
346 182 946 1 777 1005 561 589 465 731 
870 1028 513 344 177 52 26 887 119 260 
515 925 350 58 443 419 222 313 918 892 
1 563 391 715 950 631 140 334 667 866 
633 661 331 576 414 846 546 100 220 515 
731 446 144 827 601 782 124 314 179 622 
518 625 700 152 451 867 811 1 914 773 

699 460 14 283 304 25 393 19 169 730 
823 195 824 916 968 588 361 200 509 478 
225 335 808 390 360 536 94 767 657 871 
125 427 663 821 424 841 128 660 440 190 
571 593 674 213 595 66 749 953 195 40 
418 960 713 228 644 79 933 290 56 506 
936 402 683 50 887 108 584 358 832 713 
233 477 386 391 59 904 286 995 164 74 
305 13 846 961 929 265 539 356 910 731 
744 748 416 927 212 429 285 656 16 364 
57 912 598 880 685 874 59 82 842 893 
110 199 61 505 145 386 659 769 781 604 
467 328 879 582 617 486 303 843 174 523 
405 193 170 112 604 822 469 242 545 276 
959 392 971 767 845 42 690 227 852 250 
337 408 637 604 381 144 922 335 373 485 
845 794 962 365 677 426 134 111 329 921 
470 805 836 749 282 18 954 889 218 107 
559 356 864 920 604 997 826 273 147 929 
14 642 24 760 437 353 183 853 922 589 
802 300 178 366 378 996 364 457 403 253 
424 91 930 488 977 307 96 779 445 378 
133 244 441 963 79 211 303 613 691 530 
409 94 912 46 813 991 529 653 400 748 
945 999 477 291 86 30 29 945 96 344 
574 970 360 121 375 408 260 380 839 936 
31 481 442 698 995 605 214 399 704 943 
655 651 347 494 385 906 538 30 148 580 
764 402 71 818 604 872 71 392 252 658 
542 659 628 97 414 906 714 42 909 839 
