300 77982.5 84668 
861 739 770 154 118 643 404 838 762 914 
179 457 97 990 350 263 162 340 471 314 
721 649 239 637 289 96 969 309 500 110 
821 951 62 859 789 808 690 239 947 296 
629 73 683 261 627 606 667 828 275 1 
766 724 346 977 467 350 137 345 185 847 
8 376 525 541 855 669 923 472 274 171 
498 125 151 586 894 92 589 473 389 149 
173 721 449 277 388 14 118 923 658 187 
859 753 454 587 534 429 540 364 406 736 
306 927 996 257 520 400 792 306 813 246 
780 1010 536 871 809 31 482 862 971 43 
770 335 117 402 585 247 699 529 109 826 
699 556 732 249 331 176 384 177 324 730 
706 467 944 695 350 260 543 904 595 914 
329 518 873 963 645 734 420 562 520 552 
845 836 653 1 920 132 663 673 333 688 
591 850 950 581 491 745 412 982 461 342 
36 691 199 571 133 712 254 554 265 761 
316 113 370 452 991 1 266 76 409 627 
604 909 225 560 157 872 357 559 199 690 
486 424 445 683 342 241 461 741 712 491 
724 355 727 749 1 129 510 661 857 456 
352 841 599 856 842 706 765 680 132 61 
922 882 375 140 885 1007 694 631 139 737 
411 23 474 294 872 390 454 141 749 316 
229 424 691 984 763 188 57 986 53 538 
513 341 644 139 300 754 1046 1 778 71 
509 912 888 759 518 750 256 134 672 867 
818 834 827 366 183 274 945 535 1 649 

790 738 712 241 114 648 379 890 787 960 
218 425 66 978 323 355 147 414 407 388 
635 670 202 589 299 134 992 350 500 61 
840 914 98 923 754 839 618 267 890 293 
725 8 724 204 573 633 688 832 365 30 
757 694 355 978 567 350 127 369 274 760 
83 313 502 617 954 738 899 453 282 200 
508 36 68 549 822 135 657 401 303 65 
196 716 433 184 420 24 150 994 736 121 
779 691 491 630 478 483 631 303 490 738 
387 886 920 174 511 440 733 369 813 155 
785 973 543 871 787 65 485 775 871 139 
694 383 194 445 675 205 610 586 161 809 
744 511 645 302 247 244 327 225 420 826 
641 559 885 669 327 336 548 929 615 984 
331 599 832 954 648 726 396 501 504 611 
839 833 692 68 847 32 585 758 380 783 
569 868 895 548 565 713 380 983 452 410 
25 595 170 518 135 795 332 535 198 831 
296 49 458 502 967 8 298 140 421 667 
533 851 261 581 85 835 454 632 253 683 
546 466 389 599 284 241 426 754 743 496 
704 323 747 690 42 42 513 563 933 529 
355 868 675 844 783 686 707 619 219 59 
883 965 351 217 936 973 656 728 138 798 
481 41 419 376 825 343 550 170 785 303 
281 343 693 897 821 260 64 942 83 509 
434 425 574 157 227 760 997 60 751 10 
527 864 961 745 550 807 329 215 735 769 
808 746 758 392 281 313 908 560 16 638 
