300 71768.5 79867 
13 130 350 698 338 361 189 192 470 472 
322 925 624 478 784 102 158 533 462 624 
326 425 526 192 679 902 742 208 398 791 
201 697 211 489 938 826 300 548 234 1025 
185 538 179 424 620 153 589 389 595 1032 
1016 111 298 566 8 878 117 94 8 349 
601 552 461 246 204 474 50 700 903 159 
689 970 70 1 949 381 110 624 270 587 
786 661 751 607 419 710 337 732 685 789 
46 897 435 79 544 841 321 259 241 1 
442 485 738 998 352 134 34 620 331 701 
487 324 943 489 629 587 836 807 1040 134 
532 288 157 544 1053 182 597 144 293 756 
790 112 18 524 422 482 664 880 903 831 
152 177 439 672 438 611 964 681 822 456 
817 435 701 734 248 389 534 16 567 152 
683 569 573 627 64 466 493 208 1 565 
576 1062 912 99 82 363 349 151 842 702 
494 825 669 489 331 1 451 659 93 714 
18 318 896 836 81 989 332 22 965 139 
158 597 659 825 32 806 251 432 87 87 
753 844 401 861 306 185 173 415 453 244 
740 339 238 370 193 87 683 64 667 516 
666 23 753 368 285 829 808 436 626 196 
948 545 378 111 169 680 156 559 241 902 
871 239 564 494 340 729 403 826 390 547 
861 300 342 512 581 1064 144 491 680 778 
154 186 426 784 557 983 290 619 490 182 
309 545 508 564 376 752 276 383 671 1010 
382 579 820 865 146 121 727 440 320 420 

91 103 373 774 327 293 232 279 472 533 
223 894 543 463 848 24 216 571 500 697 
328 427 623 234 712 995 661 203 361 818 
157 751 247 440 927 756 335 456 135 986 
266 581 233 473 610 158 653 357 578 947 
978 35 280 623 60 923 156 70 55 277 
664 622 427 206 111 551 88 650 815 69 
769 993 129 10 899 460 62 662 236 582 
705 657 742 509 513 797 427 791 597 878 
104 800 488 147 539 912 412 268 287 47 
472 547 821 907 388 213 58 526 290 648 
390 402 956 460 584 670 754 836 996 64 
587 356 111 594 976 90 511 79 342 846 
829 164 34 491 468 521 652 974 937 759 
142 228 394 658 412 557 969 750 788 469 
720 516 645 783 173 475 489 10 477 120 
652 518 537 585 68 405 454 307 65 652 
486 985 916 137 34 342 361 236 777 727 
550 912 591 435 332 8 393 668 115 668 
101 254 943 827 132 901 247 33 970 64 
122 576 754 810 18 888 171 357 162 24 
791 903 434 780 209 182 159 415 532 261 
669 344 320 351 103 7 646 40 578 550 
616 1 752 345 236 771 840 424 592 120 
912 514 324 38 93 674 205 565 191 859 
806 206 608 533 278 652 491 839 326 564 
958 372 402 502 546 993 181 499 600 858 
103 142 371 746 472 925 226 561 396 223 
316 461 542 542 331 852 302 444 724 918 
285 631 875 933 174 86 777 517 413 395 
