300 79704 87462 
853 995 494 94 888 916 347 248 467 26 
194 1026 495 322 270 197 390 646 178 211 
421 713 146 584 824 240 879 710 558 943 
120 393 1060 927 328 163 356 517 883 155 
434 716 461 922 411 899 373 976 507 622 
431 395 835 989 314 251 468 763 688 718 
40 547 419 101 691 491 378 912 844 17 
433 562 565 536 41 832 685 387 339 820 
476 408 416 62 389 754 740 856 739 746 
520 815 260 832 922 438 792 627 297 851 
548 415 813 730 814 145 262 915 476 921 
932 234 416 837 248 447 323 670 35 521 
615 721 500 836 197 133 878 129 833 214 
462 14 757 355 1006 180 847 1 913 46 
19 371 721 703 251 668 240 42 501 581 
884 298 619 578 808 160 543 838 505 496 
147 770 902 908 646 588 549 945 519 9 
794 608 619 913 220 782 1071 740 272 661 
393 262 180 543 627 479 553 446 683 153 
877 461 591 950 554 469 161 270 793 136 
577 46 732 195 1019 662 777 632 336 845 
843 968 931 663 913 677 367 247 992 520 
150 267 1042 778 775 444 787 1022 696 677 
905 343 44 321 937 898 433 389 880 788 
250 528 275 517 487 1054 656 948 880 137 
469 758 96 64 726 140 747 730 766 170 
185 126 965 868 825 107 318 222 213 505 
596 355 265 257 461 100 551 120 363 363 
225 31 167 121 550 796 895 200 445 1070 
766 163 470 248 316 722 83 1053 391 908 

915 980 478 91 936 977 393 251 561 50 
199 971 456 284 216 156 321 576 181 222 
369 663 136 638 752 192 838 767 585 927 
109 307 991 997 408 257 280 612 864 198 
443 777 386 829 451 882 365 881 491 664 
370 416 905 964 396 191 565 666 712 642 
64 490 467 130 671 476 416 854 928 9 
417 525 506 503 67 920 686 307 348 834 
425 477 374 129 385 809 723 772 694 651 
592 812 208 855 964 469 861 568 312 820 
513 360 870 640 757 146 315 874 450 917 
998 135 485 921 185 434 291 689 45 580 
603 728 543 886 233 174 831 67 814 147 
421 65 690 336 932 134 893 18 993 36 
79 456 691 687 341 634 170 139 508 578 
969 368 669 588 773 112 458 871 477 581 
165 762 946 869 605 570 478 983 441 65 
694 541 708 997 306 842 986 697 354 683 
431 292 144 456 716 485 498 497 691 217 
782 466 632 872 629 521 207 173 882 141 
634 140 698 254 938 740 748 625 371 781 
776 947 850 696 825 771 464 155 941 562 
117 300 953 835 871 379 879 941 787 746 
873 262 80 374 845 967 353 317 896 812 
241 623 245 507 526 990 653 857 832 160 
430 690 152 129 703 168 772 684 671 88 
167 185 994 938 811 29 262 271 304 471 
655 331 355 350 409 26 610 38 452 276 
324 26 111 58 564 832 927 288 364 994 
790 115 412 289 222 786 130 986 469 823 
