300 75330 82784 
167 410 785 169 674 445 548 950 433 701 
729 610 770 845 986 690 556 383 258 570 
768 362 675 67 697 628 1 970 334 27 
94 250 355 740 936 734 568 156 203 659 
270 527 204 5 139 854 95 164 452 547 
556 957 302 637 778 332 1 421 472 153 
186 711 846 1039 15 408 977 110 1 745 
300 11 945 144 9 944 544 738 867 131 
919 252 168 516 75 862 183 503 438 687 
829 935 60 200 244 221 730 600 668 621 
579 80 333 660 509 708 484 642 556 350 
852 176 865 975 556 191 644 172 576 637 
251 953 687 308 352 599 819 613 1 895 
486 206 609 781 814 811 663 297 814 141 
180 838 443 272 808 375 89 384 939 437 
422 515 147 457 678 315 971 875 116 19 
194 856 120 1037 789 117 160 477 655 152 
906 779 334 750 883 860 873 890 954 417 
395 151 896 233 490 406 314 821 167 701 
486 297 566 39 356 507 723 817 652 207 
725 207 442 110 230 1071 1004 885 170 709 
349 618 161 290 215 297 752 624 1009 568 
438 1 857 985 181 682 519 103 374 184 
332 80 736 299 34 538 147 995 967 817 
586 624 753 949 725 541 932 439 915 764 
358 686 354 1001 187 410 725 655 925 86 
742 253 512 528 583 250 50 327 157 858 
971 898 72 998 863 313 196 1 826 450 
430 653 198 951 161 557 518 1 585 523 
257 120 489 229 13 900 772 408 503 279 

182 479 713 86 611 364 572 910 340 733 
802 598 819 863 995 703 596 299 232 545 
828 386 739 9 619 571 1 930 428 2 
176 254 266 824 963 732 667 119 107 625 
334 428 213 24 174 861 104 188 446 515 
573 923 380 567 807 314 56 445 419 253 
91 773 878 941 42 383 939 49 35 788 
204 56 941 210 54 939 537 654 823 141 
964 248 81 460 68 796 142 455 497 694 
867 911 107 106 303 184 816 507 627 599 
540 147 241 675 504 669 454 717 509 360 
777 162 912 900 516 149 566 204 528 639 
334 923 762 257 356 617 770 614 1 974 
472 156 677 859 839 729 592 197 868 151 
146 891 374 338 768 365 69 366 951 405 
484 571 224 551 608 339 877 898 72 16 
280 829 205 976 840 141 81 498 716 116 
889 768 247 784 877 853 925 924 941 470 
458 151 923 283 567 504 269 852 142 628 
473 381 531 139 336 564 762 744 605 296 
685 303 445 177 133 999 983 916 142 800 
291 614 69 299 308 358 715 598 968 469 
352 63 916 950 162 654 450 112 278 261 
348 137 739 265 24 618 52 984 899 783 
564 578 752 942 737 633 840 348 867 771 
329 613 291 972 202 387 815 623 994 147 
754 172 413 565 486 344 105 426 75 946 
970 918 110 937 796 389 157 9 903 471 
455 573 146 909 95 651 610 51 679 509 
225 94 447 268 41 909 861 445 448 354 
