300 68798 76108 
53 171 725 565 869 49 269 197 804 673 
574 836 704 286 60 177 784 229 227 721 
525 416 92 6 180 828 564 640 439 1067 
424 585 944 57 609 829 247 626 811 278 
630 828 355 267 897 534 318 526 1 670 
853 29 291 865 694 332 100 846 1 1000 
521 202 82 777 73 822 1014 181 326 58 
158 560 728 117 191 101 358 839 546 5 
306 100 205 648 547 556 793 29 836 1 
260 172 492 689 178 6 547 622 267 613 
785 787 328 857 716 69 1 20 176 180 
214 862 726 217 921 486 161 493 201 68 
728 57 724 123 865 150 761 255 143 553 
318 1 798 648 445 450 70 581 649 382 
471 318 383 241 234 650 33 664 787 259 
951 1004 59 307 214 810 116 919 94 499 
1 350 1072 682 827 182 700 618 801 858 
951 596 488 821 864 452 422 304 402 178 
132 173 233 49 514 1 67 68 766 488 
649 365 309 130 84 421 502 736 289 981 
672 156 548 884 499 795 805 159 169 37 
90 365 58 125 982 377 581 115 711 1006 
882 495 324 1009 362 806 950 156 801 482 
1028 431 561 333 418 268 859 800 343 199 
382 158 696 816 324 1 23 790 362 90 
510 673 506 608 840 225 327 318 649 319 
492 621 143 1024 634 1 598 731 453 42 
339 783 178 704 536 197 356 499 457 949 
926 331 970 268 396 175 511 728 455 145 
41 538 258 1032 425 375 116 49 869 145 

38 175 769 590 835 108 324 126 756 685 
514 886 763 223 131 271 700 243 232 793 
436 466 75 97 243 803 625 738 372 994 
432 510 938 16 595 884 227 527 843 289 
566 796 277 360 990 613 416 612 78 579 
877 99 388 831 671 426 192 901 35 909 
515 125 30 709 42 863 955 273 323 28 
188 656 821 154 158 83 409 862 631 69 
220 16 201 660 452 612 854 47 857 30 
219 143 427 786 79 80 528 707 299 607 
764 731 257 931 624 45 46 69 85 136 
217 826 704 300 836 405 62 580 280 103 
798 139 762 137 804 177 714 190 217 614 
240 4 861 587 431 409 120 501 620 399 
538 283 398 314 176 613 85 702 815 285 
932 995 136 287 280 875 149 882 192 520 
16 325 973 656 768 157 665 658 876 780 
881 592 439 832 901 357 493 228 317 254 
114 175 187 43 439 40 157 44 750 572 
593 349 211 139 176 412 442 832 357 984 
573 103 629 897 517 735 887 156 230 8 
155 446 53 43 972 470 523 206 728 957 
976 495 380 910 378 854 898 104 830 493 
964 337 563 321 464 194 892 728 435 255 
348 178 696 822 401 17 8 820 403 11 
433 677 427 708 762 155 327 359 698 251 
410 612 53 957 622 8 681 810 395 10 
298 758 230 761 580 253 317 593 495 951 
975 349 882 173 351 147 538 787 359 53 
57 566 311 972 329 461 149 117 856 138 
