300 81264 88776 
919 644 604 936 135 322 434 769 913 253 
146 868 610 789 217 826 231 318 394 863 
280 643 277 103 972 62 252 644 487 470 
481 241 773 889 680 363 720 909 689 483 
421 144 532 179 484 866 115 592 621 875 
437 67 35 319 1059 832 868 642 819 770 
231 671 1052 634 429 378 993 21 693 198 
215 87 641 852 428 689 556 626 208 196 
392 256 183 914 1 935 753 146 593 218 
852 918 905 79 311 423 1033 251 498 380 
395 333 934 747 1 935 112 400 633 556 
512 584 461 841 300 130 293 52 126 16 
929 523 381 471 86 627 858 836 905 287 
1 866 518 913 522 135 265 23 473 841 
604 79 797 146 753 540 296 565 956 464 
64 338 42 900 781 858 868 55 1 44 
975 155 287 589 538 181 220 429 235 210 
507 641 321 969 225 387 307 1 705 379 
399 393 958 669 964 756 569 537 133 865 
941 718 905 1007 990 535 697 701 630 891 
396 832 197 550 628 888 144 518 835 790 
674 834 951 744 646 737 267 965 796 284 
465 749 348 712 1003 438 1 728 792 296 
763 614 369 580 1 754 588 809 746 1074 
937 527 324 590 336 631 255 980 249 184 
157 927 166 993 260 468 714 1021 864 122 
706 328 855 799 506 576 677 211 609 896 
243 607 1021 972 950 735 245 448 638 1014 
365 943 584 176 467 95 939 343 830 320 
978 1018 382 836 646 854 724 268 942 360 

955 676 614 931 64 257 361 731 985 170 
119 803 552 740 272 804 305 304 405 806 
377 591 376 134 920 144 246 559 425 527 
517 147 767 869 648 409 792 988 608 398 
403 49 466 133 507 802 205 625 659 896 
362 64 1 396 980 887 821 554 752 818 
320 714 979 706 343 444 1000 86 792 209 
281 21 722 759 459 784 582 627 228 218 
465 309 198 841 9 945 819 124 638 131 
888 932 936 167 364 445 941 200 480 308 
345 408 902 712 5 866 171 330 714 573 
526 647 381 745 257 154 235 81 173 44 
835 456 423 510 137 686 903 811 814 363 
61 929 458 960 476 62 245 34 465 820 
591 88 827 167 781 546 202 515 916 426 
1 344 85 924 861 800 946 47 5 109 
893 130 298 581 629 90 230 343 321 209 
582 685 348 893 306 482 306 89 762 363 
447 444 952 696 916 733 474 457 115 817 
846 794 952 960 933 553 751 669 538 861 
466 892 154 494 586 836 220 617 907 749 
624 875 914 704 577 731 344 971 781 354 
533 788 337 627 943 459 23 765 819 242 
777 622 288 566 21 687 537 901 800 996 
977 559 245 683 430 702 221 937 344 200 
110 874 264 969 191 440 756 972 895 176 
655 353 842 866 467 493 662 207 608 831 
247 547 979 998 977 746 146 358 708 932 
364 946 607 194 428 136 951 408 772 410 
982 939 324 857 710 858 658 202 893 359 
