450 108870 120695 
931 272 1022 34 506 679 286 389 871 396 
124 147 640 964 245 1 516 97 556 205 
748 568 268 210 466 454 287 405 298 606 
128 476 187 652 351 384 130 938 196 502 
406 860 866 648 409 413 283 37 796 629 
1 167 384 896 232 385 281 198 190 696 
218 846 119 1 38 222 199 333 507 739 
746 559 676 816 654 670 835 683 204 553 
929 112 1011 280 843 15 347 219 526 945 
392 779 974 938 753 1 536 535 502 839 
85 1052 140 118 495 888 355 262 77 75 
664 325 241 294 627 172 723 759 361 629 
84 952 206 335 456 83 566 534 962 447 
1 625 667 688 639 250 938 381 186 502 
1086 285 308 41 813 710 111 482 101 390 
91 859 937 327 586 488 463 143 104 633 
152 341 516 346 334 218 1 727 313 953 
29 211 167 58 385 800 289 768 480 719 
1 51 59 111 168 548 432 189 134 1093 
729 834 176 396 55 537 1038 870 808 707 
429 916 401 733 1 827 576 804 995 231 
762 839 1063 468 342 304 964 215 882 65 
813 642 68 937 650 771 595 665 682 344 
1009 78 566 78 387 653 31 183 205 886 
287 112 1014 197 315 926 896 929 724 598 
411 684 1010 745 682 576 477 663 930 228 
5 17 982 836 334 381 536 120 498 111 
364 1 477 499 462 978 806 233 556 1 
714 903 183 154 861 374 569 255 406 306 
467 624 313 849 705 436 8 898 591 425 
118 52 83 774 837 608 118 646 910 702 
463 657 832 264 939 547 107 766 663 12 
120 161 748 130 69 649 177 815 328 875 
768 7 632 351 246 386 567 248 474 479 
862 717 16 1073 642 661 664 697 297 707 
109 583 248 972 309 484 1 825 650 591 
431 870 811 347 1012 1011 666 60 592 925 
214 518 463 648 649 243 911 71 909 922 
56 479 850 1 755 1012 392 766 132 244 
913 1049 612 103 450 771 934 786 605 759 
352 664 512 344 123 825 328 746 28 313 
61 312 206 339 104 677 694 786 531 359 
683 741 157 320 898 334 712 536 913 951 
177 67 735 261 344 386 361 265 185 471 
45 816 481 118 574 226 954 848 105 24 

985 306 924 97 582 703 343 449 919 400 
125 233 686 874 278 34 567 70 523 132 
719 573 190 252 494 486 212 501 295 597 
131 425 269 731 382 367 78 962 206 420 
337 895 768 595 449 344 331 111 841 566 
16 86 439 810 170 461 283 120 278 784 
126 920 41 16 109 122 110 244 414 831 
815 619 712 765 753 598 884 729 258 568 
919 123 972 287 759 7 425 186 428 945 
478 794 998 877 850 35 531 590 478 770 
167 990 76 30 523 888 417 272 168 171 
684 397 283 255 591 208 809 847 267 554 
161 910 141 244 423 108 525 505 964 377 
19 551 640 598 730 228 939 296 127 418 
989 310 313 133 723 672 96 409 122 440 
39 894 979 370 627 486 368 229 155 659 
107 344 496 323 275 128 36 709 255 895 
36 219 74 59 408 704 352 767 424 785 
37 90 70 102 178 539 416 223 233 999 
708 880 206 318 155 479 965 883 752 707 
528 906 336 644 24 754 610 711 945 227 
822 913 992 558 351 385 950 225 939 136 
851 698 71 857 685 865 669 691 649 304 
991 156 486 124 371 589 15 219 182 858 
367 101 955 177 340 828 907 863 686 598 
380 656 934 823 693 646 554 698 869 318 
93 71 976 872 281 475 532 45 398 37 
357 1 497 532 383 992 880 308 594 26 
658 904 93 64 898 342 501 350 314 392 
396 617 362 879 772 400 40 856 491 477 
46 88 111 755 833 705 193 647 845 773 
403 560 852 359 923 552 134 863 608 66 
144 204 833 212 79 721 219 716 275 818 
865 53 662 350 331 313 588 348 546 461 
851 744 31 986 706 636 753 735 363 657 
166 626 274 910 366 534 69 781 724 548 
371 874 734 308 951 957 714 42 661 852 
241 451 409 548 710 311 884 95 941 894 
24 413 838 69 697 965 385 768 91 242 
840 959 520 64 370 851 865 773 516 663 
426 659 439 257 112 818 247 784 84 224 
96 309 214 434 185 620 724 706 490 409 
715 712 175 381 978 379 636 441 892 983 
160 23 819 198 292 390 263 193 91 428 
31 806 401 27 493 161 958 926 164 36 
