450 113395 125266 
167 410 785 169 674 445 548 950 433 701 
729 610 770 845 986 690 556 383 258 570 
768 362 675 67 697 628 1 970 334 27 
94 250 355 740 936 734 568 156 203 659 
270 527 204 5 139 854 95 164 452 547 
556 957 302 637 778 332 1 421 472 153 
186 711 846 1039 15 408 977 110 1 745 
300 11 945 144 9 944 544 738 867 131 
919 252 168 516 75 862 183 503 438 687 
829 935 60 200 244 221 730 600 668 621 
579 80 333 660 509 708 484 642 556 350 
852 176 865 975 556 191 644 172 576 637 
251 953 687 308 352 599 819 613 1 895 
486 206 609 781 814 811 663 297 814 141 
180 838 443 272 808 375 89 384 939 437 
422 515 147 457 678 315 971 875 116 19 
194 856 120 1037 789 117 160 477 655 152 
906 779 334 750 883 860 873 890 954 417 
395 151 896 233 490 406 314 821 167 701 
486 297 566 39 356 507 723 817 652 207 
725 207 442 110 230 1071 1004 885 170 709 
349 618 161 290 215 297 752 624 1009 568 
438 1 857 985 181 682 519 103 374 184 
332 80 736 299 34 538 147 995 967 817 
586 624 753 949 725 541 932 439 915 764 
358 686 354 1001 187 410 725 655 925 86 
742 253 512 528 583 250 50 327 157 858 
971 898 72 998 863 313 196 1 826 450 
430 653 198 951 161 557 518 1 585 523 
257 120 489 229 13 900 772 408 503 279 
62 1 134 52 828 977 510 440 500 434 
390 794 828 254 641 600 660 297 281 526 
523 671 372 647 238 1026 828 821 982 395 
81 703 1059 482 290 491 390 142 160 421 
736 973 413 153 858 728 289 180 454 358 
967 668 304 1 681 721 41 655 661 250 
128 101 950 38 482 495 598 281 171 683 
869 563 363 908 179 919 467 1 316 621 
580 379 564 237 22 229 696 582 479 534 
592 858 691 468 1 334 111 600 661 1023 
589 548 528 562 699 976 949 415 481 693 
983 586 668 565 239 870 670 823 518 532 
83 252 962 972 1033 537 859 455 823 27 
346 943 1014 161 138 1012 821 193 950 217 
1 989 167 134 253 458 868 361 71 308 

182 479 713 86 611 364 572 910 340 733 
802 598 819 863 995 703 596 299 232 545 
828 386 739 9 619 571 1 930 428 2 
176 254 266 824 963 732 667 119 107 625 
334 428 213 24 174 861 104 188 446 515 
573 923 380 567 807 314 56 445 419 253 
91 773 878 941 42 383 939 49 35 788 
204 56 941 210 54 939 537 654 823 141 
964 248 81 460 68 796 142 455 497 694 
867 911 107 106 303 184 816 507 627 599 
540 147 241 675 504 669 454 717 509 360 
777 162 912 900 516 149 566 204 528 639 
334 923 762 257 356 617 770 614 1 974 
472 156 677 859 839 729 592 197 868 151 
146 891 374 338 768 365 69 366 951 405 
484 571 224 551 608 339 877 898 72 16 
280 829 205 976 840 141 81 498 716 116 
889 768 247 784 877 853 925 924 941 470 
458 151 923 283 567 504 269 852 142 628 
473 381 531 139 336 564 762 744 605 296 
685 303 445 177 133 999 983 916 142 800 
291 614 69 299 308 358 715 598 968 469 
352 63 916 950 162 654 450 112 278 261 
348 137 739 265 24 618 52 984 899 783 
564 578 752 942 737 633 840 348 867 771 
329 613 291 972 202 387 815 623 994 147 
754 172 413 565 486 344 105 426 75 946 
970 918 110 937 796 389 157 9 903 471 
455 573 146 909 95 651 610 51 679 509 
225 94 447 268 41 909 861 445 448 354 
147 37 116 136 854 950 422 412 402 354 
368 845 921 284 704 541 579 276 253 591 
509 753 286 745 228 990 896 873 888 479 
110 618 987 563 280 590 345 177 111 498 
688 933 404 71 863 641 270 116 480 446 
987 743 223 19 683 699 114 674 617 265 
56 23 963 41 428 578 511 199 170 601 
926 480 422 873 123 884 401 12 346 555 
661 474 475 154 94 298 718 605 464 599 
581 876 717 477 15 280 86 570 713 940 
631 496 588 518 741 959 860 317 393 597 
981 538 587 583 334 953 769 815 551 478 
40 173 924 922 935 544 921 382 873 52 
365 916 944 179 217 939 844 278 888 121 
20 891 94 48 242 542 963 395 41 305 
