600 145388 160926 
247 312 363 188 617 727 215 927 471 56 
583 701 803 135 188 266 515 959 715 745 
108 57 930 406 787 1079 557 625 141 552 
499 266 416 1 363 380 413 99 352 95 
482 189 389 43 458 1077 27 695 679 886 
12 111 675 55 292 297 639 864 917 37 
930 161 94 591 163 537 177 1023 1045 258 
903 492 773 81 424 875 531 801 369 780 
581 844 82 794 1 665 757 76 429 430 
516 1039 218 673 692 908 325 388 361 671 
512 546 801 843 470 1 542 71 309 822 
226 848 885 651 686 716 1 491 198 174 
462 771 906 322 566 748 686 176 471 852 
495 747 713 458 489 471 1055 641 659 1 
108 77 99 820 260 653 339 111 365 333 
717 388 871 488 1 36 248 495 928 492 
170 282 304 302 132 938 914 156 353 746 
996 271 217 217 189 830 839 622 675 540 
372 1057 466 925 504 497 101 503 228 741 
479 762 631 715 1 912 817 94 298 817 
279 1074 757 287 157 279 885 863 827 486 
887 845 658 460 300 673 308 585 831 719 
572 805 577 160 255 184 137 392 619 1 
462 849 878 313 81 325 878 854 665 884 
821 276 551 131 452 160 1005 769 548 368 
388 276 715 134 838 611 83 193 993 1 
27 159 555 609 222 655 601 851 714 127 
527 524 919 195 562 330 800 494 645 533 
300 82 485 195 267 1005 107 253 450 442 
525 134 49 811 730 153 943 804 156 28 
1036 1 155 809 381 467 46 251 122 899 
341 441 567 859 604 826 140 509 735 147 
223 256 436 316 642 742 616 232 244 752 
304 667 750 353 838 592 237 918 13 666 
202 333 477 194 433 415 270 372 610 830 
315 271 120 45 433 511 251 32 546 574 
27 890 981 70 608 906 396 372 107 69 
20 764 245 795 763 655 269 215 277 319 
226 657 347 561 440 197 128 192 697 883 
389 214 244 132 710 384 809 913 339 160 
459 111 254 721 153 695 898 561 682 617 
159 82 882 149 202 796 775 532 1017 698 
850 802 568 1 634 676 810 536 289 694 
599 815 773 652 258 1013 651 725 737 415 
629 1 711 830 626 1 222 263 698 941 
790 955 975 131 39 913 478 24 1 845 
945 686 688 812 248 444 123 585 400 274 
956 686 68 572 417 431 586 820 328 82 
932 647 801 418 150 44 719 571 274 457 
375 58 667 233 778 755 118 133 149 366 
1071 615 59 168 222 145 269 222 273 888 
878 159 325 891 483 644 1071 409 107 497 
649 633 816 657 253 548 114 66 917 271 
890 636 521 500 796 117 564 872 288 562 
247 516 1076 576 624 850 566 765 314 1 
568 577 239 178 110 592 364 913 590 110 
80 232 219 386 613 459 228 616 654 194 
958 199 394 469 77 391 147 561 389 1076 
238 462 249 832 192 885 580 696 861 923 
58 684 572 377 173 194 883 893 733 67 

283 223 333 206 623 805 128 863 480 21 
519 614 711 103 248 240 512 987 628 705 
160 83 887 306 848 995 581 683 201 650 
581 207 447 72 359 372 375 136 303 10 
426 285 361 17 538 982 85 789 618 907 
98 131 688 103 212 259 724 862 871 29 
992 134 43 598 175 495 120 994 999 261 
881 545 737 170 427 812 590 750 460 758 
521 785 158 765 73 565 667 7 365 526 
560 984 264 595 635 944 252 324 399 719 
552 595 901 779 388 13 554 22 258 784 
166 850 932 732 600 806 42 412 172 128 
379 868 951 370 568 730 671 103 462 814 
501 708 762 387 540 505 988 654 617 31 
38 140 186 906 228 597 241 190 380 373 
680 340 877 575 85 3 209 450 989 488 
260 198 249 249 196 845 838 139 385 748 
918 369 228 257 250 918 753 668 609 543 
374 960 535 987 476 440 121 404 275 812 
549 670 599 667 12 933 823 9 394 888 
370 976 802 290 234 296 923 789 810 472 
839 815 714 492 281 726 335 551 820 717 
637 800 640 167 311 159 174 336 706 54 
400 905 872 233 172 331 800 904 640 936 
848 306 540 118 405 218 957 717 519 411 
342 190 696 205 758 572 163 103 982 20 
38 100 570 630 186 609 517 771 792 138 
559 518 979 154 512 245 850 457 676 599 
268 141 422 214 203 996 174 172 364 390 
549 143 11 877 750 174 881 749 69 67 
943 54 177 864 282 391 82 212 175 898 
389 453 533 941 533 797 240 428 753 192 
145 346 467 233 672 814 565 138 317 664 
243 674 768 451 901 526 150 938 3 715 
300 269 457 247 427 466 235 373 564 774 
343 351 147 115 391 572 270 130 558 521 
21 968 976 121 537 938 356 471 118 82 
19 849 339 809 719 732 230 301 215 332 
306 722 303 522 418 170 130 245 693 799 
418 252 330 157 691 304 715 907 261 188 
387 104 177 630 129 767 945 605 661 565 
114 122 896 224 242 761 678 567 995 655 
932 814 536 91 643 680 757 623 301 661 
674 829 829 628 222 948 633 639 837 338 
713 27 739 905 582 15 312 252 790 874 
828 984 996 222 57 925 538 33 38 917 
848 681 688 841 275 477 193 609 417 248 
955 754 153 663 363 526 542 751 360 106 
906 658 762 345 196 24 669 499 196 416 
414 18 684 166 802 753 54 92 179 413 
986 515 84 94 182 56 170 244 214 946 
811 75 411 887 488 721 997 332 124 533 
700 540 859 567 344 477 198 165 862 208 
796 729 499 544 792 61 648 783 319 633 
182 517 992 585 537 947 484 825 367 33 
501 626 280 166 200 684 381 910 525 60 
10 210 171 333 517 382 326 712 694 284 
923 134 447 427 136 322 188 508 398 977 
153 536 256 907 136 789 659 609 858 848 
62 678 531 282 193 272 896 877 831 31 
