600 150048 165743 
853 995 494 94 888 916 347 248 467 26 
194 1026 495 322 270 197 390 646 178 211 
421 713 146 584 824 240 879 710 558 943 
120 393 1060 927 328 163 356 517 883 155 
434 716 461 922 411 899 373 976 507 622 
431 395 835 989 314 251 468 763 688 718 
40 547 419 101 691 491 378 912 844 17 
433 562 565 536 41 832 685 387 339 820 
476 408 416 62 389 754 740 856 739 746 
520 815 260 832 922 438 792 627 297 851 
548 415 813 730 814 145 262 915 476 921 
932 234 416 837 248 447 323 670 35 521 
615 721 500 836 197 133 878 129 833 214 
462 14 757 355 1006 180 847 1 913 46 
19 371 721 703 251 668 240 42 501 581 
884 298 619 578 808 160 543 838 505 496 
147 770 902 908 646 588 549 945 519 9 
794 608 619 913 220 782 1071 740 272 661 
393 262 180 543 627 479 553 446 683 153 
877 461 591 950 554 469 161 270 793 136 
577 46 732 195 1019 662 777 632 336 845 
843 968 931 663 913 677 367 247 992 520 
150 267 1042 778 775 444 787 1022 696 677 
905 343 44 321 937 898 433 389 880 788 
250 528 275 517 487 1054 656 948 880 137 
469 758 96 64 726 140 747 730 766 170 
185 126 965 868 825 107 318 222 213 505 
596 355 265 257 461 100 551 120 363 363 
225 31 167 121 550 796 895 200 445 1070 
766 163 470 248 316 722 83 1053 391 908 
648 233 616 875 99 227 231 436 787 505 
893 847 93 394 890 439 97 729 100 402 
395 552 141 835 561 132 71 896 451 836 
190 405 1 148 843 826 186 622 342 159 
173 672 412 650 790 386 592 147 273 281 
354 1 466 904 251 179 695 1020 406 364 
362 596 819 197 492 1 707 579 652 33 
201 263 755 668 368 977 21 163 391 768 
452 260 1 665 1 629 100 78 583 656 
621 560 848 431 32 1 682 17 936 514 
327 312 593 986 233 8 349 467 622 925 
391 999 891 907 223 187 397 909 241 421 
690 1005 931 579 432 431 172 772 697 163 
864 112 585 787 714 309 416 933 48 113 
35 29 670 145 1 285 724 811 785 804 
758 605 773 364 826 148 172 388 1 669 
501 74 475 322 442 324 804 790 319 945 
526 186 897 644 827 857 808 213 155 76 
804 199 160 136 706 555 360 878 449 1 
523 788 549 926 398 866 730 281 210 115 
599 956 377 522 111 156 88 1056 659 61 
534 112 113 959 374 234 876 200 220 92 
221 85 714 442 467 108 842 988 991 178 
937 823 965 82 681 831 582 913 941 1 
244 287 432 124 312 113 584 436 805 415 
710 872 602 41 457 919 974 229 708 176 
818 856 209 663 1 499 347 33 650 497 
297 175 366 178 260 592 377 771 577 949 
844 535 1 136 128 921 406 132 307 265 
569 852 932 584 212 274 424 215 933 784 

915 980 478 91 936 977 393 251 561 50 
199 971 456 284 216 156 321 576 181 222 
369 663 136 638 752 192 838 767 585 927 
109 307 991 997 408 257 280 612 864 198 
443 777 386 829 451 882 365 881 491 664 
370 416 905 964 396 191 565 666 712 642 
64 490 467 130 671 476 416 854 928 9 
417 525 506 503 67 920 686 307 348 834 
425 477 374 129 385 809 723 772 694 651 
592 812 208 855 964 469 861 568 312 820 
513 360 870 640 757 146 315 874 450 917 
998 135 485 921 185 434 291 689 45 580 
603 728 543 886 233 174 831 67 814 147 
421 65 690 336 932 134 893 18 993 36 
79 456 691 687 341 634 170 139 508 578 
969 368 669 588 773 112 458 871 477 581 
165 762 946 869 605 570 478 983 441 65 
694 541 708 997 306 842 986 697 354 683 
431 292 144 456 716 485 498 497 691 217 
782 466 632 872 629 521 207 173 882 141 
634 140 698 254 938 740 748 625 371 781 
776 947 850 696 825 771 464 155 941 562 
117 300 953 835 871 379 879 941 787 746 
873 262 80 374 845 967 353 317 896 812 
241 623 245 507 526 990 653 857 832 160 
430 690 152 129 703 168 772 684 671 88 
167 185 994 938 811 29 262 271 304 471 
655 331 355 350 409 26 610 38 452 276 
324 26 111 58 564 832 927 288 364 994 
790 115 412 289 222 786 130 986 469 823 
720 242 561 869 91 131 147 393 687 479 
829 786 102 305 917 458 152 825 2 364 
354 550 203 894 553 211 13 854 429 780 
171 447 8 120 821 747 134 678 412 175 
77 642 449 684 836 358 523 49 285 243 
400 4 500 816 296 104 767 999 446 294 
325 612 888 222 577 47 748 644 671 70 
147 285 699 662 456 993 14 177 431 712 
514 231 48 615 27 583 195 178 517 644 
634 537 834 506 36 5 731 47 862 465 
252 381 601 963 146 36 329 442 566 938 
338 975 880 956 123 198 422 820 292 507 
725 914 857 495 444 437 270 803 662 169 
906 73 637 728 718 264 425 859 77 126 
97 56 571 133 55 315 696 824 726 766 
748 677 676 283 738 210 114 486 39 713 
465 173 425 334 364 377 738 869 266 909 
564 198 882 619 811 763 822 124 184 142 
859 254 131 141 613 525 446 872 413 28 
510 879 604 947 306 838 703 208 300 98 
570 944 285 522 31 213 58 960 694 54 
579 144 28 924 448 230 926 121 212 57 
156 8 652 492 512 186 830 897 998 101 
868 838 956 76 760 833 601 820 879 29 
215 242 480 197 290 71 556 350 864 438 
653 815 608 66 521 985 877 170 685 264 
858 935 124 738 30 546 247 108 647 584 
203 194 456 103 336 526 316 688 479 869 
850 605 1 127 57 874 332 205 307 325 
598 891 963 631 153 365 456 154 896 715 
