600 146740 160664 
826 904 822 653 175 609 971 456 583 847 
530 363 240 92 147 150 26 357 337 901 
114 600 619 43 852 209 478 398 788 25 
953 160 382 194 1055 844 994 465 519 759 
265 1056 70 202 747 622 750 673 305 977 
217 824 207 76 1066 765 770 691 678 445 
217 415 632 283 94 816 197 616 158 1002 
812 411 958 389 119 240 68 400 605 254 
78 519 699 765 499 813 498 1034 771 296 
218 395 920 165 559 380 375 992 852 344 
1 702 662 735 487 435 102 39 277 994 
26 404 630 903 743 266 497 655 521 1 
407 235 672 184 401 943 471 434 516 331 
891 415 19 190 194 12 489 62 301 1 
731 311 779 815 58 316 256 1077 791 980 
471 454 770 134 311 454 870 325 537 627 
821 885 540 594 776 349 444 326 187 692 
1010 662 857 106 665 4 920 388 271 867 
67 97 332 76 652 336 45 317 432 140 
923 737 967 94 878 275 860 70 910 850 
450 546 706 1 565 430 436 685 452 886 
121 658 179 736 889 1030 204 294 524 913 
1 519 25 725 83 881 924 745 89 264 
549 683 719 1045 841 631 593 532 1 802 
371 744 30 664 117 550 164 811 590 3 
183 819 415 1 1012 139 138 604 230 858 
217 72 990 183 423 795 622 334 214 860 
535 471 5 607 384 387 494 60 303 739 
537 120 654 561 10 546 696 650 393 210 
777 575 806 715 271 870 842 331 455 85 
884 769 111 838 887 606 110 200 543 293 
809 701 608 297 1 271 278 774 71 199 
591 919 206 892 686 666 99 390 882 713 
823 691 253 368 550 689 327 157 12 145 
112 637 96 47 476 178 982 843 576 215 
800 393 25 691 125 853 764 493 797 426 
645 509 78 944 761 67 77 658 20 486 
336 776 118 232 407 397 868 749 199 409 
696 960 736 741 172 513 785 101 873 531 
360 273 1 552 65 834 144 339 361 1025 
611 476 518 35 880 71 774 742 993 342 
691 924 520 180 659 659 648 799 132 34 
298 720 647 731 492 919 1073 175 1 368 
1 434 551 537 599 166 782 527 539 835 
259 301 275 51 437 623 165 310 855 43 
247 508 164 595 491 683 94 377 754 536 
44 745 835 342 671 18 61 683 754 535 
955 155 777 423 954 849 9 1039 785 344 
1039 664 881 482 819 210 1048 803 147 633 
875 300 576 577 72 176 579 359 197 876 
223 793 859 1 415 31 291 44 688 684 
383 395 227 854 711 489 219 219 745 414 
575 73 390 691 64 340 760 840 983 469 
361 94 523 794 533 175 156 303 877 387 
776 343 23 227 537 232 214 871 952 221 
580 364 217 941 235 154 796 624 143 978 
498 13 119 199 414 3 274 322 54 405 
513 72 444 692 364 527 671 487 972 143 
1 482 937 873 921 953 652 457 533 386 
237 572 464 1001 352 1 506 459 1 747 

841 874 892 705 230 655 903 409 535 904 
509 345 254 186 190 250 39 374 427 820 
135 557 686 84 910 118 500 301 783 117 
859 233 373 251 990 759 934 394 598 692 
305 967 128 259 705 704 675 719 241 974 
128 734 231 66 978 789 851 784 670 416 
118 416 713 328 61 874 262 628 110 951 
767 427 872 365 113 230 52 321 530 296 
31 571 732 815 447 751 457 946 820 313 
182 386 902 245 498 291 299 926 798 426 
55 726 684 670 435 344 169 8 192 955 
44 397 555 807 807 256 577 663 451 50 
473 318 733 236 367 964 493 513 532 313 
851 479 88 246 106 12 531 8 383 58 
829 262 697 869 27 352 296 985 874 984 
375 446 675 226 403 390 848 261 563 595 
883 968 552 539 723 352 364 317 175 631 
924 635 762 171 712 64 928 375 208 913 
45 90 278 102 738 323 40 271 465 207 
988 640 910 86 867 367 869 67 936 891 
440 450 704 76 608 442 506 599 401 875 
102 689 248 702 815 945 222 377 443 928 
67 506 79 705 109 953 837 707 185 200 
599 684 774 980 787 645 615 563 6 898 
327 677 67 713 204 580 83 759 590 38 
164 808 438 23 949 214 210 650 309 934 
157 151 1000 232 401 867 580 405 150 837 
517 537 9 588 327 472 432 148 306 754 
482 160 629 616 10 446 597 694 434 120 
700 673 866 631 220 800 760 376 475 133 
806 864 31 795 961 513 41 271 533 253 
843 688 604 383 51 208 246 695 152 202 
624 988 201 972 655 705 115 380 787 778 
809 773 302 342 507 641 412 196 90 149 
139 728 111 98 410 100 977 919 531 169 
838 346 82 750 126 926 717 573 868 420 
587 602 30 876 767 69 10 754 37 452 
289 843 185 324 358 359 932 687 189 398 
728 869 686 829 169 581 881 88 883 490 
344 351 16 608 130 771 169 333 460 927 
522 387 519 9 928 42 815 792 940 352 
664 997 598 170 625 596 564 834 82 25 
387 728 575 677 402 859 988 233 12 335 
56 375 523 502 652 230 743 537 595 788 
175 246 249 131 421 529 126 366 796 132 
170 443 178 673 584 736 192 412 685 535 
55 747 743 260 714 95 152 603 672 443 
962 148 808 489 961 849 52 970 710 436 
977 692 937 563 867 307 996 718 147 730 
964 237 482 665 160 116 557 430 234 920 
280 782 811 32 381 51 320 14 612 724 
473 390 154 834 670 540 156 319 794 439 
570 142 370 706 38 344 692 903 884 475 
346 188 554 818 470 119 199 298 877 403 
717 432 62 243 520 293 154 900 958 284 
643 301 270 968 239 143 723 624 131 966 
496 85 42 232 412 56 245 386 101 406 
433 64 398 773 382 516 642 390 989 131 
64 539 935 877 967 968 658 515 513 435 
252 609 561 973 335 35 534 504 38 793 
