600 149420 163766 
645 520 1 275 214 114 455 1 246 747 
918 193 886 964 1022 616 404 148 478 490 
179 381 714 321 434 465 102 761 657 855 
69 395 665 848 489 870 128 674 452 183 
556 523 759 261 625 53 713 971 118 3 
346 977 627 132 712 33 1030 236 1 513 
948 443 732 93 975 82 554 334 738 674 
318 512 440 463 115 870 344 1053 87 150 
392 60 868 958 884 182 609 373 952 664 
663 798 491 1025 161 437 249 594 101 318 
1 947 697 857 586 904 93 58 880 927 
95 280 23 529 239 396 666 670 850 643 
565 417 844 526 591 419 238 836 244 494 
436 126 193 67 553 819 388 260 461 233 
1051 380 883 731 870 53 752 165 773 224 
301 373 668 511 306 212 976 395 462 496 
770 783 920 402 769 362 156 59 385 901 
552 808 795 668 347 1 897 954 272 159 
503 448 835 848 620 1092 892 243 211 887 
1 716 116 693 369 262 219 823 887 573 
801 299 129 306 383 1087 268 503 303 255 
373 173 919 423 924 379 78 813 487 431 
206 321 346 1034 73 151 389 615 722 560 
346 182 946 1 777 1005 561 589 465 731 
870 1028 513 344 177 52 26 887 119 260 
515 925 350 58 443 419 222 313 918 892 
1 563 391 715 950 631 140 334 667 866 
633 661 331 576 414 846 546 100 220 515 
731 446 144 827 601 782 124 314 179 622 
518 625 700 152 451 867 811 1 914 773 
517 825 46 418 434 822 439 277 921 644 
697 218 635 821 857 791 574 141 524 237 
807 749 176 281 791 94 66 313 444 491 
1063 896 273 468 492 58 599 237 777 653 
863 724 256 477 419 771 1 539 690 181 
238 1 352 603 875 381 681 812 894 503 
311 420 224 1022 232 561 576 389 780 487 
513 300 448 624 79 829 572 286 41 920 
800 349 304 135 154 415 207 541 715 281 
70 259 329 719 231 511 692 570 710 364 
536 761 965 285 758 235 332 591 658 747 
649 415 593 709 240 480 743 252 906 831 
387 150 135 550 96 961 809 106 443 678 
62 203 226 613 510 624 135 186 190 791 
99 793 67 460 177 159 77 794 529 204 
86 282 183 293 1011 138 806 817 895 495 
876 978 792 533 846 843 870 453 769 601 
945 530 367 270 381 188 317 598 833 143 
672 639 884 927 314 417 285 765 669 540 
792 733 185 424 815 257 409 589 473 689 
755 232 121 126 243 852 144 897 832 828 
707 838 755 496 514 569 594 325 378 482 
824 660 891 23 317 436 170 202 140 456 
555 806 279 270 582 369 417 615 779 467 
680 639 551 969 262 1 637 1 826 1012 
568 709 571 124 412 130 630 4 737 836 
160 561 470 583 970 826 764 662 857 221 
76 307 1 700 756 1040 602 23 1 737 
542 1 373 639 270 49 235 997 1 738 
773 711 74 259 686 287 692 139 462 138 

699 460 14 283 304 25 393 19 169 730 
823 195 824 916 968 588 361 200 509 478 
225 335 808 390 360 536 94 767 657 871 
125 427 663 821 424 841 128 660 440 190 
571 593 674 213 595 66 749 953 195 40 
418 960 713 228 644 79 933 290 56 506 
936 402 683 50 887 108 584 358 832 713 
233 477 386 391 59 904 286 995 164 74 
305 13 846 961 929 265 539 356 910 731 
744 748 416 927 212 429 285 656 16 364 
57 912 598 880 685 874 59 82 842 893 
110 199 61 505 145 386 659 769 781 604 
467 328 879 582 617 486 303 843 174 523 
405 193 170 112 604 822 469 242 545 276 
959 392 971 767 845 42 690 227 852 250 
337 408 637 604 381 144 922 335 373 485 
845 794 962 365 677 426 134 111 329 921 
470 805 836 749 282 18 954 889 218 107 
559 356 864 920 604 997 826 273 147 929 
14 642 24 760 437 353 183 853 922 589 
802 300 178 366 378 996 364 457 403 253 
424 91 930 488 977 307 96 779 445 378 
133 244 441 963 79 211 303 613 691 530 
409 94 912 46 813 991 529 653 400 748 
945 999 477 291 86 30 29 945 96 344 
574 970 360 121 375 408 260 380 839 936 
31 481 442 698 995 605 214 399 704 943 
655 651 347 494 385 906 538 30 148 580 
764 402 71 818 604 872 71 392 252 658 
542 659 628 97 414 906 714 42 909 839 
488 794 25 389 347 739 387 305 879 663 
653 154 622 745 877 842 672 97 618 212 
826 822 91 190 873 11 85 302 525 428 
963 911 296 528 429 115 694 334 796 591 
789 738 217 500 348 862 27 441 645 115 
144 12 396 520 824 392 599 807 894 518 
349 444 256 934 249 623 484 396 879 486 
563 213 547 630 48 825 494 281 31 976 
730 311 288 87 195 375 283 530 685 308 
18 225 266 650 212 597 659 639 774 265 
460 861 945 243 754 316 281 690 646 714 
650 511 680 628 235 566 774 244 868 883 
357 170 41 463 68 909 846 91 430 753 
50 177 261 704 598 624 129 131 285 726 
65 760 163 525 175 203 64 760 478 198 
100 221 260 347 946 162 778 782 967 401 
961 965 865 478 828 817 770 517 706 629 
932 622 442 339 315 131 358 684 904 150 
643 606 851 829 349 501 262 696 621 532 
750 799 132 347 818 294 439 616 460 778 
802 160 77 74 191 925 114 904 750 926 
755 912 780 588 544 574 670 297 284 473 
772 584 876 68 328 426 198 121 150 517 
492 830 340 316 600 353 433 684 839 389 
607 602 576 949 306 31 692 46 832 934 
581 783 560 114 409 121 653 18 701 896 
226 527 556 506 990 874 767 620 879 240 
75 290 8 663 824 966 604 56 31 797 
618 77 449 735 225 34 220 989 19 733 
766 755 59 159 745 205 720 170 440 75 
