600 151308 166238 
569 470 1 727 174 619 879 1 154 555 
541 224 462 96 98 549 748 947 627 279 
72 1026 43 156 246 473 362 435 824 153 
911 244 771 321 950 551 919 340 685 560 
495 190 748 834 979 244 478 619 702 516 
892 43 657 269 814 913 950 13 24 894 
874 576 45 752 629 350 434 1 930 159 
783 882 187 558 363 223 965 464 62 68 
716 867 63 150 720 787 168 519 525 861 
569 859 292 598 53 563 800 897 344 1043 
1 746 37 418 700 512 642 804 165 707 
271 373 525 625 177 536 539 707 769 632 
465 698 844 771 945 75 282 883 63 1 
186 919 725 864 579 1 462 378 396 259 
154 767 270 605 268 592 922 807 419 1 
501 578 105 56 57 917 714 1067 607 720 
519 113 866 376 552 131 50 56 341 138 
153 879 275 139 576 353 193 706 609 132 
717 450 1 495 1 290 44 109 871 345 
597 75 1 198 691 207 801 325 653 961 
248 131 768 763 857 655 289 409 930 752 
905 127 102 783 181 295 888 71 990 87 
636 720 203 735 242 716 662 997 206 242 
101 564 270 237 524 61 957 355 46 291 
841 519 764 260 235 1038 45 299 732 647 
709 626 104 49 752 924 892 244 514 452 
488 514 527 697 972 973 359 884 1 523 
163 434 995 519 504 476 545 69 754 201 
580 843 960 952 538 496 811 328 838 132 
400 881 980 147 524 449 632 434 158 283 
605 551 284 111 117 40 928 754 482 689 
165 507 192 971 430 496 410 803 80 224 
474 70 1004 126 428 947 610 549 298 144 
587 810 796 831 265 834 12 767 173 982 
465 580 146 947 832 486 91 53 150 602 
475 932 230 125 106 585 158 274 607 501 
863 985 276 159 145 514 82 560 216 78 
865 162 427 662 852 363 821 34 290 551 
315 479 805 1 1 597 1040 747 618 594 
517 521 277 444 851 215 355 959 868 692 
371 24 320 837 358 814 612 819 1008 864 
657 645 854 385 657 700 775 913 1 861 
115 92 357 1034 272 415 281 399 822 734 
1 750 417 675 411 750 653 754 977 195 
698 527 796 799 626 759 583 532 420 975 
741 780 741 82 263 152 20 380 401 672 
945 20 1079 263 579 392 149 814 516 845 
905 992 943 84 580 69 360 835 166 913 
351 365 354 716 911 958 147 1017 216 1003 
407 269 424 564 621 635 758 929 1 220 
441 626 391 180 553 417 213 932 475 308 
830 710 1 840 472 998 648 460 493 231 
782 631 330 913 566 768 687 641 157 402 
124 63 628 477 970 848 206 370 56 241 
893 548 641 452 1035 1 157 769 261 175 
105 563 498 772 43 800 782 767 333 204 
980 393 440 56 558 246 644 704 898 618 
249 880 500 469 315 407 843 577 571 993 
139 305 67 160 1003 757 815 695 598 1002 
330 925 414 969 872 438 405 160 930 477 

570 435 13 778 167 576 816 42 104 513 
638 290 535 75 39 595 792 887 628 309 
32 990 95 61 247 455 405 342 752 238 
996 274 814 268 967 504 999 347 719 517 
490 224 737 748 962 313 436 640 698 607 
937 111 584 323 867 894 884 89 119 969 
783 569 122 673 630 307 479 5 999 232 
720 924 129 590 314 183 925 386 107 17 
792 812 149 64 648 760 170 491 509 938 
519 955 215 654 67 556 716 911 343 971 
32 663 61 511 700 505 658 745 65 716 
189 398 580 560 240 585 586 680 708 539 
554 615 830 781 968 61 310 922 117 50 
276 952 633 903 523 5 516 313 440 299 
126 815 306 646 228 641 913 882 515 1 
512 519 12 139 124 919 769 982 564 740 
612 129 817 276 532 121 109 110 424 232 
117 852 299 172 585 425 169 640 585 90 
710 427 7 535 27 388 129 192 778 400 
605 73 63 111 692 280 854 372 617 916 
273 147 833 789 889 699 235 368 850 732 
927 82 193 711 168 354 935 130 932 49 
588 819 240 642 270 698 702 932 122 145 
200 565 343 165 588 126 888 444 31 211 
808 454 788 186 253 997 116 248 679 551 
669 689 23 16 782 887 915 147 454 535 
390 576 473 729 930 876 373 974 55 566 
126 490 946 437 504 409 625 37 747 267 
675 857 998 865 555 479 726 239 819 113 
421 938 955 56 541 457 657 489 164 214 
671 521 360 148 82 2 938 688 422 710 
92 601 109 928 420 537 335 744 49 179 
537 45 962 61 376 978 636 637 236 219 
586 838 847 863 188 818 101 717 83 934 
548 585 240 979 915 453 66 88 196 658 
471 867 267 207 95 631 62 278 557 501 
900 891 319 149 104 598 171 491 278 109 
866 108 450 741 815 264 901 48 302 567 
337 486 871 78 26 542 986 721 708 539 
545 616 337 505 939 172 450 870 781 624 
307 108 224 794 305 859 664 913 965 921 
689 726 911 403 674 717 797 875 11 826 
116 121 304 974 299 420 261 490 781 736 
9 744 444 631 493 799 648 682 924 157 
680 463 714 732 590 778 551 463 413 893 
723 876 803 34 177 105 65 341 302 720 
896 76 1000 325 667 448 193 796 441 820 
883 933 993 90 570 34 269 787 167 925 
290 285 322 668 892 996 165 983 172 971 
389 174 371 546 593 565 742 943 3 153 
465 679 460 241 574 364 121 895 461 221 
818 759 75 843 503 933 653 376 571 264 
755 583 299 971 639 849 613 736 157 500 
75 101 571 555 951 896 208 299 94 196 
822 577 647 532 969 14 163 773 215 133 
84 486 399 793 8 712 796 737 404 199 
961 446 427 41 597 281 686 715 862 663 
282 977 423 390 407 485 787 647 662 900 
233 284 64 62 952 657 835 764 506 996 
237 866 330 910 832 532 383 249 943 442 
