750 183459 203688 
281 126 415 277 191 738 9 1 766 164 
246 139 54 324 910 644 229 454 692 773 
177 664 965 617 787 790 687 1026 769 810 
425 896 279 213 106 588 846 899 418 737 
663 762 756 987 559 743 1 896 1 639 
551 403 975 114 397 498 41 956 92 872 
388 359 60 777 556 121 57 1 664 638 
405 439 873 677 760 742 156 813 267 941 
325 607 740 790 1017 545 1 839 669 70 
961 92 558 460 29 330 538 237 895 420 
489 1 774 551 1071 93 128 57 78 502 
925 539 585 786 287 233 492 819 612 398 
515 32 315 308 378 225 395 741 595 881 
920 478 765 797 386 338 434 507 250 659 
637 111 831 793 1 75 332 506 277 591 
162 210 813 102 127 254 18 575 528 747 
342 60 426 86 569 171 914 8 1 273 
469 181 1018 643 761 818 203 258 625 95 
531 588 899 815 403 354 3 786 645 342 
260 531 929 622 725 901 499 142 343 114 
723 353 206 914 437 544 723 636 394 571 
35 583 246 216 505 579 127 83 98 680 
360 3 51 455 155 1008 207 921 949 292 
819 83 747 100 621 599 337 662 814 1042 
1063 548 354 1050 843 396 680 1028 247 213 
850 861 701 915 935 922 304 678 603 23 
752 632 511 152 672 606 716 337 702 194 
104 151 656 253 946 616 12 275 1013 608 
382 886 435 638 269 211 779 805 109 243 
662 882 811 263 192 967 378 235 602 121 
989 245 846 20 72 469 109 372 175 799 
395 335 35 195 909 538 826 189 553 649 
880 481 661 655 431 69 758 556 913 940 
859 950 212 160 451 885 644 827 428 273 
856 284 276 438 632 510 166 398 288 894 
871 61 684 1015 726 962 501 549 368 332 
70 219 991 352 259 659 157 383 285 659 
721 237 356 1 941 63 38 604 473 1 
652 518 853 913 162 284 635 151 190 453 
555 713 1003 238 292 210 677 1056 395 701 
1057 860 253 578 976 921 657 632 655 199 
280 455 306 383 394 418 752 974 710 195 
258 752 769 780 739 11 851 236 650 281 
269 534 1034 50 784 601 281 243 201 377 
40 719 654 103 747 27 751 944 174 675 
607 510 67 348 1 846 359 895 374 579 
116 877 911 891 65 836 677 138 230 644 
365 156 694 349 1051 679 244 451 716 592 
192 376 154 526 295 465 434 410 704 77 
225 269 911 446 1061 55 425 870 400 294 
138 157 680 342 882 842 931 507 204 907 
769 903 505 1 101 837 628 234 489 82 
749 774 160 769 634 408 936 284 544 817 
1 939 261 144 113 323 1 317 186 575 
83 32 884 1 348 149 200 455 639 976 
288 427 775 618 1 518 283 705 250 572 
205 6 809 392 352 537 93 1067 633 221 
120 215 964 792 388 797 594 749 359 657 
130 576 848 101 473 263 633 174 168 586 
625 1 615 106 493 116 597 353 723 757 
519 975 852 946 156 317 765 725 849 695 
529 705 761 33 603 194 532 1055 813 817 
118 588 376 817 807 15 72 517 865 864 
191 743 139 797 518 645 71 952 265 41 
401 877 190 426 732 124 376 208 490 1 
932 502 671 356 169 494 921 147 1 561 
1 763 583 702 184 530 859 448 128 729 
169 564 336 806 549 87 918 503 256 251 
216 627 644 389 430 873 793 80 1 923 
710 897 573 97 704 524 593 528 780 370 
481 718 128 60 561 655 833 631 608 26 
926 428 117 414 349 459 631 82 285 194 
318 196 135 920 242 721 826 181 945 928 
345 354 924 564 196 41 174 867 573 594 
727 584 336 520 762 997 96 445 819 122 

265 165 363 332 197 787 6 37 790 259 
197 212 109 285 942 686 302 385 714 687 
254 721 941 520 870 705 691 993 743 720 
395 869 293 134 53 674 765 998 341 736 
584 707 823 919 648 692 83 883 8 561 
520 409 926 133 442 465 50 972 189 907 
478 332 113 852 573 125 46 72 741 571 
351 431 959 768 833 642 196 820 346 852 
399 671 756 779 927 467 1 741 643 28 
990 70 646 489 25 246 586 322 965 501 
406 41 739 585 994 131 200 84 72 462 
836 504 586 770 350 324 560 786 554 430 
601 50 237 336 318 304 461 765 572 924 
955 506 768 833 346 255 402 524 343 717 
700 202 848 888 50 3 311 420 242 587 
70 162 843 21 163 257 79 512 571 734 
442 108 327 111 618 219 932 65 79 306 
404 103 954 543 832 852 183 306 655 21 
484 558 853 841 386 382 63 738 649 290 
331 580 845 713 642 939 557 63 352 78 
624 398 216 880 520 470 665 563 448 502 
61 517 256 138 519 628 141 165 186 603 
419 94 46 381 69 973 124 950 872 364 
870 7 662 47 522 617 366 750 798 942 
990 480 274 996 787 344 715 947 277 169 
940 836 774 835 876 938 281 613 508 90 
684 658 512 148 592 583 651 329 638 264 
53 60 729 224 934 691 56 319 922 589 
434 811 492 564 337 306 756 746 146 172 
747 901 761 203 140 876 439 299 675 153 
941 188 943 102 88 405 208 298 173 872 
459 251 19 291 859 475 822 178 567 590 
943 568 625 591 430 140 691 648 963 854 
849 984 126 89 539 828 620 888 393 249 
930 203 295 405 545 504 89 387 210 900 
821 45 769 945 637 882 516 568 428 319 
91 158 950 327 335 752 130 469 260 608 
665 319 369 23 989 10 44 683 413 74 
560 576 893 896 72 368 728 187 187 525 
648 730 968 299 241 166 609 985 451 666 
961 790 319 612 959 997 623 675 635 299 
256 368 230 334 408 407 676 893 753 293 
306 828 814 849 689 78 931 285 579 267 
224 483 995 58 884 698 183 149 267 376 
119 657 617 167 748 29 830 970 196 680 
690 470 162 348 31 771 288 935 372 555 
22 847 910 927 1 827 591 119 239 718 
441 200 663 437 961 644 164 437 670 552 
184 296 216 511 346 502 355 449 698 14 
284 192 842 396 968 31 356 834 369 355 
208 97 650 244 868 814 960 498 196 840 
721 817 481 5 158 783 547 226 498 163 
754 674 185 869 558 395 948 307 508 814 
26 863 177 214 126 419 38 365 261 631 
4 35 974 47 367 137 186 383 661 879 
259 368 790 620 38 442 243 612 163 594 
224 96 825 451 283 532 76 990 716 122 
169 220 869 697 326 840 554 658 436 663 
111 638 758 105 406 347 553 183 240 550 
556 44 585 160 495 198 662 427 717 853 
431 948 771 928 135 264 785 804 753 664 
445 670 786 39 581 261 548 984 715 739 
94 570 304 795 814 54 35 418 905 901 
289 783 55 828 557 740 10 881 238 28 
493 780 125 389 774 137 350 157 549 27 
860 599 573 400 158 421 912 129 31 580 
5 776 559 653 131 601 956 408 37 651 
246 464 325 822 636 3 882 525 289 337 
228 595 723 354 476 783 816 138 87 985 
800 863 577 52 776 558 652 540 843 459 
424 751 224 55 650 670 889 722 551 74 
975 328 215 345 289 509 596 168 195 140 
322 272 185 952 167 762 883 99 857 853 
304 414 988 621 117 3 100 811 484 511 
788 665 368 555 815 956 125 512 885 178 
