750 190577 209057 
424 38 91 256 465 7 863 460 920 460 
540 716 711 868 400 180 2 556 855 135 
6 158 612 273 675 1 645 737 867 426 
1055 457 481 318 695 234 232 890 550 174 
847 789 860 272 292 906 1021 668 579 313 
1 462 561 486 199 202 790 707 975 117 
406 574 764 249 238 814 899 241 916 416 
38 857 223 683 835 551 539 484 444 529 
512 477 215 944 489 120 501 416 11 121 
893 524 696 166 849 758 27 477 809 552 
507 251 956 497 473 287 110 947 490 726 
80 313 865 392 879 872 778 385 685 1016 
892 480 446 482 642 626 298 418 515 839 
299 361 506 114 996 596 429 567 805 122 
459 799 322 511 500 873 598 257 1056 204 
303 621 714 603 935 253 63 490 413 148 
721 924 393 843 137 966 902 303 455 89 
988 198 230 723 575 325 950 117 852 727 
382 64 700 265 468 630 842 841 926 455 
499 323 444 244 178 892 200 340 792 208 
218 681 106 256 321 306 19 969 417 874 
380 650 604 337 483 602 897 823 851 806 
1088 261 545 442 138 151 171 497 191 230 
234 181 459 506 944 280 127 564 180 174 
1 192 358 751 692 558 33 194 566 262 
672 412 730 1030 757 899 585 1071 230 125 
899 464 575 546 644 823 937 1005 482 1 
606 599 76 598 372 633 890 1 110 880 
749 413 809 260 365 459 637 1006 771 280 
532 788 22 103 413 337 207 862 664 1 
648 638 521 187 118 389 802 178 666 584 
134 914 693 927 898 612 801 159 673 796 
661 868 275 434 218 550 324 171 695 682 
39 647 686 88 921 461 499 766 153 633 
551 980 582 410 1 739 456 799 855 1040 
260 667 619 922 667 1 81 416 91 201 
58 954 436 169 993 635 763 301 138 513 
175 1003 445 146 262 461 828 839 375 576 
329 859 393 577 589 149 110 585 128 864 
676 736 692 257 231 503 408 900 661 729 
797 603 103 437 851 609 373 871 640 457 
137 783 110 898 893 781 407 793 204 1 
824 681 851 692 636 214 187 700 222 936 
991 733 300 58 81 634 285 537 416 1065 
373 889 282 807 897 265 546 85 453 115 
480 190 230 880 268 223 67 48 188 649 
626 593 62 258 748 558 493 914 1 643 
109 736 77 828 443 790 709 268 1020 677 
487 511 1 557 674 903 490 769 1029 962 
272 566 306 741 641 578 870 313 386 223 
591 267 909 1 621 641 157 891 507 880 
167 290 807 647 321 1018 44 691 365 875 
900 637 221 409 209 213 574 641 198 306 
663 216 483 486 1 82 984 514 493 39 
598 647 446 626 208 717 692 678 970 380 
1 249 208 168 552 748 390 465 99 829 
611 777 245 454 144 400 522 191 114 358 
329 306 468 503 551 666 955 580 840 106 
803 123 653 633 48 472 932 137 858 461 
166 163 172 361 1010 638 710 684 568 297 
785 258 615 348 673 292 300 450 661 522 
89 646 450 830 771 857 562 710 137 894 
92 151 563 373 569 621 276 361 555 728 
865 239 1 544 859 882 582 169 868 337 
816 399 303 719 218 741 509 264 787 402 
73 160 134 1046 988 175 686 1032 224 982 
682 839 878 1037 413 874 533 634 162 730 
60 182 256 783 11 729 330 728 84 400 
699 641 364 835 839 637 402 616 57 931 
820 388 277 874 1 416 600 915 814 755 
1 967 358 944 789 1065 517 359 76 954 
601 155 1 419 141 188 640 889 371 89 
600 735 863 663 140 62 787 435 598 519 
345 180 452 530 786 869 665 448 479 634 
438 282 741 357 262 539 529 546 441 299 

407 115 169 274 403 49 828 531 892 457 
611 618 715 875 460 268 76 655 768 221 
60 95 571 270 612 15 569 831 901 430 
961 523 507 236 691 176 171 804 555 182 
846 721 861 301 390 970 969 713 590 263 
14 471 620 395 224 119 728 730 915 57 
420 578 695 170 251 891 804 294 891 457 
93 853 293 606 751 632 626 418 544 618 
605 397 298 857 565 25 479 387 65 202 
964 612 612 247 799 804 24 480 771 611 
516 287 905 487 512 369 190 970 470 700 
106 374 784 384 836 914 870 440 680 988 
831 528 443 414 628 590 363 323 562 770 
321 328 430 111 1000 621 416 658 885 91 
370 792 358 510 456 937 573 322 976 233 
260 680 793 555 873 263 21 438 353 180 
624 858 405 773 96 945 842 359 397 48 
914 213 224 645 566 354 917 208 813 691 
418 132 635 199 464 644 837 776 887 360 
505 282 411 151 168 873 139 397 806 244 
254 732 46 278 390 284 15 905 422 940 
467 715 542 320 533 538 955 747 872 729 
993 204 588 539 59 99 122 596 222 154 
212 173 516 469 960 215 212 572 268 212 
20 238 272 842 601 558 65 249 635 175 
618 410 692 977 818 880 583 995 290 192 
842 552 550 570 726 861 977 991 508 78 
611 530 127 654 452 553 950 29 120 955 
696 321 882 306 391 512 650 984 848 298 
561 859 87 185 442 290 109 769 697 47 
611 722 613 172 70 427 814 256 667 638 
129 833 689 897 969 705 772 224 669 764 
685 790 303 461 308 642 289 270 625 716 
71 638 692 167 865 378 546 694 239 687 
624 977 525 483 31 718 511 785 840 954 
203 627 687 887 651 24 58 414 114 197 
105 884 404 221 973 590 712 211 42 550 
191 925 535 149 275 400 898 937 323 624 
382 902 387 486 502 222 134 617 177 931 
678 744 782 281 303 436 463 839 705 792 
711 548 197 378 893 563 277 969 665 537 
174 710 76 884 958 789 450 715 247 35 
904 754 852 655 711 220 209 723 169 841 
974 665 321 120 130 624 205 635 361 998 
277 799 295 893 826 203 492 56 402 150 
552 148 200 794 205 209 70 61 114 609 
596 533 92 317 711 657 453 861 45 700 
159 702 101 915 439 706 706 323 964 734 
406 606 14 461 680 916 553 839 992 868 
322 614 320 682 630 613 810 408 383 225 
518 191 936 10 586 628 214 800 458 974 
223 319 799 619 396 941 57 744 424 953 
864 568 287 419 180 161 602 545 266 380 
664 125 383 428 36 17 940 435 555 85 
618 641 428 573 117 735 656 693 955 381 
25 190 164 82 612 832 329 482 81 784 
638 766 199 377 153 322 482 116 202 288 
351 394 491 447 532 574 864 488 866 77 
821 100 588 719 44 473 943 133 782 540 
122 258 263 318 949 716 636 585 547 331 
749 266 681 342 741 222 359 410 655 542 
147 740 512 829 811 907 650 790 201 977 
108 88 662 289 564 652 201 408 503 667 
935 269 5 570 915 922 656 151 908 354 
867 442 403 675 196 663 428 259 811 393 
10 101 99 950 916 227 686 983 181 930 
715 782 877 987 361 959 474 542 99 729 
148 134 251 868 26 721 352 643 127 447 
602 673 337 808 930 557 342 528 37 831 
790 469 263 970 30 356 658 922 817 681 
6 933 310 877 704 972 567 392 93 976 
541 126 93 503 159 203 714 806 321 106 
504 766 807 662 69 64 801 457 687 587 
318 220 514 539 747 913 762 457 562 661 
506 343 798 257 197 482 627 446 483 360 
