750 196324 214374 
919 644 604 936 135 322 434 769 913 253 
146 868 610 789 217 826 231 318 394 863 
280 643 277 103 972 62 252 644 487 470 
481 241 773 889 680 363 720 909 689 483 
421 144 532 179 484 866 115 592 621 875 
437 67 35 319 1059 832 868 642 819 770 
231 671 1052 634 429 378 993 21 693 198 
215 87 641 852 428 689 556 626 208 196 
392 256 183 914 1 935 753 146 593 218 
852 918 905 79 311 423 1033 251 498 380 
395 333 934 747 1 935 112 400 633 556 
512 584 461 841 300 130 293 52 126 16 
929 523 381 471 86 627 858 836 905 287 
1 866 518 913 522 135 265 23 473 841 
604 79 797 146 753 540 296 565 956 464 
64 338 42 900 781 858 868 55 1 44 
975 155 287 589 538 181 220 429 235 210 
507 641 321 969 225 387 307 1 705 379 
399 393 958 669 964 756 569 537 133 865 
941 718 905 1007 990 535 697 701 630 891 
396 832 197 550 628 888 144 518 835 790 
674 834 951 744 646 737 267 965 796 284 
465 749 348 712 1003 438 1 728 792 296 
763 614 369 580 1 754 588 809 746 1074 
937 527 324 590 336 631 255 980 249 184 
157 927 166 993 260 468 714 1021 864 122 
706 328 855 799 506 576 677 211 609 896 
243 607 1021 972 950 735 245 448 638 1014 
365 943 584 176 467 95 939 343 830 320 
978 1018 382 836 646 854 724 268 942 360 
572 719 527 363 1000 219 332 290 1041 281 
950 111 558 461 585 760 399 773 439 976 
727 76 890 250 528 607 802 625 254 836 
728 404 212 904 904 865 509 955 679 587 
254 693 659 17 832 94 360 14 102 792 
220 912 274 163 156 459 331 179 996 482 
931 118 742 520 93 80 351 92 926 218 
594 419 925 938 118 245 792 98 328 1 
648 865 295 358 429 932 735 477 55 950 
830 362 586 413 386 943 633 86 646 665 
779 664 862 527 860 324 507 1 625 623 
996 54 194 931 699 417 586 622 476 747 
863 382 217 606 742 309 953 286 637 125 
375 473 643 415 232 992 466 746 927 208 
673 680 587 339 314 103 780 345 231 237 
765 1012 462 325 446 745 105 999 249 402 
220 254 622 911 333 990 441 373 104 404 
433 408 473 683 504 973 96 698 375 134 
36 265 759 281 877 249 627 838 458 953 
598 869 289 448 413 350 1033 647 1 98 
135 361 469 267 977 622 571 273 373 488 
5 215 559 18 1 472 696 229 240 257 
257 771 455 754 968 448 560 637 134 559 
378 617 218 381 220 539 443 292 377 84 
777 232 285 587 847 631 882 474 385 375 
92 286 872 571 463 641 674 310 864 958 
1028 411 234 422 248 143 540 703 406 576 
330 539 106 514 481 182 580 907 234 243 
351 1 615 943 482 183 120 745 297 814 
646 333 587 729 792 655 908 353 389 52 
973 330 859 952 650 886 822 639 280 979 
465 412 644 821 313 379 505 641 328 998 
930 905 857 737 452 720 817 144 224 782 
878 907 786 100 998 910 37 1011 201 568 
697 740 1 185 416 585 124 111 720 374 
220 602 139 707 405 390 620 405 43 486 
491 368 458 701 274 965 499 644 565 589 
388 822 71 911 844 356 142 364 707 464 
479 656 401 170 804 512 224 887 737 1 
692 505 744 302 796 745 353 357 664 1 
561 717 979 862 771 619 835 696 355 1 
506 701 924 135 877 835 124 347 442 722 
325 452 865 971 430 786 38 420 895 248 
515 138 839 853 263 382 259 120 672 167 
331 360 491 222 312 743 403 928 375 11 

955 676 614 931 64 257 361 731 985 170 
119 803 552 740 272 804 305 304 405 806 
377 591 376 134 920 144 246 559 425 527 
517 147 767 869 648 409 792 988 608 398 
403 49 466 133 507 802 205 625 659 896 
362 64 1 396 980 887 821 554 752 818 
320 714 979 706 343 444 1000 86 792 209 
281 21 722 759 459 784 582 627 228 218 
465 309 198 841 9 945 819 124 638 131 
888 932 936 167 364 445 941 200 480 308 
345 408 902 712 5 866 171 330 714 573 
526 647 381 745 257 154 235 81 173 44 
835 456 423 510 137 686 903 811 814 363 
61 929 458 960 476 62 245 34 465 820 
591 88 827 167 781 546 202 515 916 426 
1 344 85 924 861 800 946 47 5 109 
893 130 298 581 629 90 230 343 321 209 
582 685 348 893 306 482 306 89 762 363 
447 444 952 696 916 733 474 457 115 817 
846 794 952 960 933 553 751 669 538 861 
466 892 154 494 586 836 220 617 907 749 
624 875 914 704 577 731 344 971 781 354 
533 788 337 627 943 459 23 765 819 242 
777 622 288 566 21 687 537 901 800 996 
977 559 245 683 430 702 221 937 344 200 
110 874 264 969 191 440 756 972 895 176 
655 353 842 866 467 493 662 207 608 831 
247 547 979 998 977 746 146 358 708 932 
364 946 607 194 428 136 951 408 772 410 
982 939 324 857 710 858 658 202 893 359 
672 666 449 309 939 235 347 305 999 255 
941 122 622 465 557 754 472 705 346 996 
698 14 955 278 505 555 837 702 253 932 
771 319 136 896 965 899 542 982 660 575 
309 722 585 100 732 62 283 65 117 811 
144 812 292 248 144 520 375 143 950 494 
869 180 816 462 113 111 404 52 975 318 
507 469 939 950 192 297 886 81 287 8 
562 951 328 319 427 847 731 394 101 964 
866 369 522 322 444 997 555 39 638 617 
788 669 785 579 890 380 481 34 662 698 
970 111 200 940 723 462 590 540 404 699 
901 434 161 535 700 333 958 283 654 25 
410 513 741 448 142 960 465 811 869 110 
665 680 603 317 351 27 696 312 174 158 
676 965 412 379 458 738 10 942 159 417 
153 181 617 902 372 921 466 293 42 317 
516 326 522 763 571 907 150 676 368 222 
99 238 763 349 877 221 630 816 373 876 
566 839 220 395 442 374 951 672 44 194 
226 360 565 250 991 533 522 272 406 558 
83 184 572 68 24 478 686 145 204 345 
252 728 444 796 936 362 518 593 174 581 
396 606 284 348 240 561 481 324 375 69 
719 162 384 509 946 647 964 462 384 462 
149 375 968 490 553 665 637 362 885 960 
946 471 148 474 174 226 447 644 343 576 
355 522 104 551 424 126 596 912 311 317 
450 5 697 887 401 186 52 645 283 821 
566 427 651 671 737 717 856 442 336 107 
914 266 878 991 698 855 763 675 363 983 
376 349 717 909 303 364 478 583 374 962 
977 905 818 689 353 724 822 80 156 827 
843 901 873 82 999 915 92 959 248 627 
791 803 16 203 328 535 56 68 816 353 
302 621 103 614 417 475 595 479 49 523 
535 334 378 611 222 976 479 742 623 602 
288 911 151 861 870 378 93 427 700 488 
566 609 317 145 727 501 194 913 833 32 
747 413 788 387 826 805 406 275 757 49 
587 758 907 854 860 708 739 744 449 57 
570 743 938 183 907 908 199 286 446 642 
245 526 819 871 337 849 126 498 828 299 
546 108 887 851 248 337 326 153 759 230 
407 312 499 202 273 747 383 934 439 105 
