750 188916 209398 
215 550 599 623 660 302 187 618 450 255 
425 398 72 740 268 400 443 637 564 728 
460 1007 513 559 669 571 869 63 980 9 
686 406 1068 650 728 316 257 746 797 284 
535 237 170 970 924 1026 857 893 920 72 
1026 953 734 666 257 607 257 627 466 619 
635 352 335 470 798 493 338 956 456 727 
952 599 355 861 325 630 929 833 62 579 
937 430 193 129 353 599 440 488 268 551 
427 1 941 922 582 115 292 153 68 629 
526 405 197 689 141 897 180 683 52 488 
10 442 308 26 865 765 288 278 950 491 
258 180 992 815 534 543 840 460 928 787 
41 642 195 99 90 691 827 383 395 803 
739 657 618 217 857 703 251 929 947 221 
255 725 1012 160 655 164 466 400 271 165 
475 94 424 181 775 722 699 143 689 108 
180 526 706 709 806 539 1018 26 1024 412 
371 520 371 802 579 557 442 231 429 841 
253 89 91 558 943 851 93 602 902 521 
295 676 728 191 900 700 670 1 447 521 
115 493 139 343 268 470 608 253 828 895 
664 451 937 869 483 608 163 55 275 937 
38 129 343 377 67 945 446 346 909 543 
797 715 542 10 895 875 997 925 118 707 
68 231 787 204 155 634 641 491 330 920 
740 48 24 680 205 990 272 786 909 500 
83 438 717 454 535 678 670 975 989 245 
189 904 60 796 231 95 420 683 804 1007 
267 822 117 552 525 446 468 219 668 459 
684 733 689 575 914 911 266 542 763 155 
128 363 874 623 381 121 490 687 142 388 
743 375 264 866 248 647 983 629 138 653 
758 363 59 559 137 1063 427 610 633 755 
530 739 561 643 1010 223 490 795 363 736 
632 731 477 904 721 826 552 343 902 620 
16 381 165 527 961 555 155 366 876 564 
931 289 155 153 264 2 218 665 773 685 
181 900 254 808 756 423 737 299 377 906 
210 810 259 658 754 535 613 897 474 599 
482 114 739 903 721 971 603 790 110 559 
156 1040 210 810 198 62 976 802 450 910 
371 918 747 157 455 782 380 399 785 484 
35 480 277 460 639 760 826 112 1 61 
994 317 272 365 483 671 166 431 413 826 
836 123 477 791 684 702 241 551 472 819 
594 816 420 946 811 354 460 388 161 883 
882 903 732 414 343 557 1 95 994 397 
191 516 395 723 99 472 802 469 567 938 
512 778 664 816 961 504 71 983 944 946 
572 878 136 259 546 289 155 742 393 1001 
355 1 911 359 995 101 510 597 966 242 
461 702 626 340 219 162 923 1 546 101 
684 849 694 623 417 702 316 49 567 962 
709 83 619 600 420 928 256 574 1 53 
254 961 614 362 166 238 542 508 661 421 
770 427 1 626 968 214 901 218 802 431 
198 742 461 1 5 946 342 305 109 517 
548 788 531 662 821 409 651 189 228 921 
444 609 361 562 552 984 758 681 885 917 
930 447 1 57 187 272 448 91 96 747 
719 291 151 513 827 855 533 580 296 372 
782 599 328 817 611 700 960 679 520 656 
103 128 513 298 5 385 735 578 437 275 
576 786 193 877 604 521 656 322 341 215 
596 387 127 250 676 652 261 941 347 132 
485 152 483 852 149 820 44 112 753 888 
251 491 273 21 102 389 514 228 56 747 
374 233 178 302 1 318 773 590 902 392 
1017 91 821 922 577 103 429 1 85 652 
629 341 82 237 750 161 295 477 304 402 
1 258 840 553 59 644 766 814 297 619 
303 794 169 552 310 142 449 781 744 365 
562 751 839 238 630 696 315 341 371 871 
882 551 432 614 574 246 707 99 405 187 

144 604 674 643 708 394 141 548 445 298 
332 451 44 684 197 477 533 560 505 726 
501 984 580 623 589 488 874 80 910 87 
586 492 988 701 812 281 324 789 844 311 
495 178 270 878 959 931 762 938 887 64 
943 928 677 700 249 616 337 531 476 594 
653 291 360 379 804 484 285 951 412 674 
934 622 350 871 384 585 843 835 17 579 
846 430 259 114 286 626 352 396 306 619 
381 69 917 872 648 77 297 193 76 580 
509 376 266 632 137 946 239 699 151 453 
99 471 393 121 797 819 239 265 977 437 
200 105 972 783 613 559 812 516 931 731 
98 665 231 112 185 734 913 363 494 764 
739 689 631 231 881 690 334 963 913 258 
245 705 930 204 722 64 406 407 330 181 
433 35 430 126 681 650 603 240 622 9 
179 470 617 718 743 515 926 73 950 452 
427 437 316 736 561 589 518 241 448 913 
154 11 28 648 993 834 68 646 879 549 
207 741 719 175 903 789 584 2 455 501 
36 572 63 385 254 435 700 172 849 914 
618 445 917 948 524 508 131 53 287 891 
77 62 397 334 97 928 349 341 989 477 
893 623 457 67 954 911 914 858 212 632 
11 139 733 290 107 601 608 396 291 977 
771 65 79 763 231 998 234 816 885 519 
52 523 624 423 565 714 743 950 929 188 
137 970 115 819 200 153 339 681 817 907 
194 748 192 570 547 363 430 258 738 400 
604 819 614 485 999 980 295 513 796 159 
66 402 874 562 418 66 517 729 118 485 
654 367 336 822 189 691 922 655 154 653 
808 351 85 480 130 987 387 567 656 792 
513 826 502 716 984 239 504 826 449 731 
636 748 384 976 628 873 547 319 971 534 
26 325 109 598 958 551 161 420 947 471 
944 278 248 158 244 73 195 762 844 593 
191 935 244 767 679 503 783 210 338 988 
143 825 183 594 848 549 696 808 474 641 
504 29 814 971 726 964 582 770 26 482 
159 975 181 733 247 22 883 708 368 924 
441 955 701 184 472 789 418 412 714 402 
63 522 202 513 563 745 742 60 34 119 
918 288 336 294 435 652 85 361 483 863 
777 181 401 883 606 746 271 582 467 834 
573 846 421 934 848 450 486 390 102 829 
976 895 790 388 376 499 83 84 949 319 
255 535 455 726 65 389 714 448 561 997 
603 807 665 835 983 422 43 929 928 986 
495 808 65 179 587 189 247 713 331 983 
256 16 856 396 941 174 434 497 945 258 
521 625 584 428 237 114 979 10 459 93 
761 886 616 717 333 626 309 148 484 966 
771 58 677 654 494 832 321 574 12 62 
194 967 533 403 261 273 498 419 698 401 
679 327 16 554 914 163 843 133 899 529 
280 803 468 8 85 935 345 217 147 526 
534 701 437 656 893 354 640 94 279 925 
411 555 360 463 486 965 781 666 964 932 
878 427 18 15 198 239 520 35 48 647 
668 325 145 446 764 844 595 543 242 314 
853 609 271 826 597 661 882 681 472 668 
88 190 518 355 20 363 657 512 493 203 
652 859 268 908 541 496 597 244 316 290 
643 438 124 167 709 596 207 976 262 123 
532 191 486 764 58 736 11 23 820 898 
245 551 228 21 115 354 489 236 16 736 
275 298 170 241 27 310 751 649 974 360 
951 70 888 971 559 85 483 19 106 594 
679 246 167 238 697 69 240 529 390 329 
46 183 742 456 48 596 787 807 290 635 
401 871 264 455 398 241 402 794 784 348 
631 725 835 260 532 626 267 250 307 942 
859 504 503 698 478 323 732 79 492 249 
