750 187157 207173 
944 736 890 244 534 391 106 905 22 907 
131 449 655 789 259 863 649 984 463 331 
647 931 127 889 566 177 309 829 679 707 
268 170 537 219 593 75 123 126 487 475 
936 768 699 350 681 398 173 673 388 278 
226 93 854 1023 142 459 562 192 83 899 
726 156 990 847 548 680 219 409 1031 296 
687 869 150 226 790 728 839 75 729 920 
624 1 544 998 913 249 986 1 145 952 
918 269 67 121 728 774 1054 897 323 348 
302 192 433 510 595 152 359 557 19 932 
190 830 524 408 876 767 368 263 231 655 
268 602 361 334 307 406 1076 1 83 78 
983 465 187 460 67 671 803 841 171 175 
688 460 403 1078 757 659 240 634 743 664 
130 855 566 843 519 244 274 222 735 593 
52 1028 276 410 617 290 894 383 895 334 
699 284 185 304 525 541 551 1007 471 707 
809 469 237 847 335 692 877 617 283 898 
1018 689 467 885 643 808 796 745 1 666 
490 1 146 893 981 306 140 1 518 928 
360 834 210 525 156 268 175 785 71 404 
546 748 861 71 181 179 151 1028 469 244 
797 412 728 700 601 63 674 704 330 497 
301 402 583 64 823 450 521 808 798 788 
462 790 799 425 628 60 783 766 314 961 
930 245 145 978 586 101 547 708 799 86 
288 636 349 733 287 1033 241 330 498 881 
582 1 265 555 854 603 573 448 211 899 
10 898 231 837 226 275 294 449 174 890 
174 847 251 301 420 44 346 349 1 551 
257 819 429 617 108 642 1024 172 236 793 
181 199 445 569 234 501 619 48 356 1 
789 325 962 1080 11 792 247 463 821 387 
901 625 133 71 524 190 69 806 78 718 
417 325 361 624 723 3 1083 976 59 25 
122 56 177 209 658 594 880 1016 149 908 
1017 29 830 299 433 98 137 870 143 232 
575 578 912 225 899 718 355 473 599 503 
611 599 297 218 213 739 215 43 328 375 
644 424 423 306 730 480 811 788 674 971 
110 89 1002 12 98 781 538 597 440 166 
450 796 502 260 867 325 1015 898 720 55 
729 834 11 167 934 442 522 766 469 945 
545 1 519 943 960 256 9 475 851 102 
1015 361 153 247 286 442 665 426 469 899 
964 759 148 466 650 738 786 533 319 42 
882 1 506 718 200 410 325 997 673 774 
410 506 736 613 1 980 81 863 385 299 
219 243 144 103 606 774 795 984 782 659 
295 280 855 259 278 133 749 632 558 85 
291 438 616 754 85 77 1045 857 34 996 
1062 910 899 809 606 249 203 834 930 407 
476 547 402 735 591 667 440 420 684 616 
521 692 123 298 261 68 743 784 556 550 
611 174 276 879 424 1 759 530 274 553 
188 733 992 741 207 534 447 446 244 668 
338 456 200 734 173 563 266 937 300 633 
924 882 662 222 873 49 621 194 414 390 
79 387 936 568 714 467 944 833 52 691 
171 392 714 690 159 530 4 150 101 72 
680 45 416 545 650 747 255 263 765 588 
605 153 107 787 613 358 811 647 492 295 
1081 576 79 598 121 566 1015 117 1051 697 
354 60 649 168 286 259 628 566 3 566 
1016 702 25 609 706 803 458 555 366 70 
158 411 543 942 411 675 1 334 291 566 
518 288 165 998 392 137 1010 622 965 208 
900 480 654 268 933 131 795 253 610 71 
649 449 829 1015 176 195 261 765 145 827 
547 896 889 959 897 808 266 461 38 975 
669 339 351 1 159 130 916 511 842 217 
884 658 15 645 162 258 678 1025 312 501 
1 102 782 489 448 934 702 21 529 1 
795 762 1026 966 1035 1 161 788 930 424 

851 815 869 198 495 293 120 847 64 909 
47 502 591 711 280 808 728 995 476 257 
600 891 127 858 640 267 213 739 697 674 
245 183 615 304 551 76 191 152 535 418 
858 789 729 345 586 350 77 677 354 195 
218 11 944 943 84 539 484 118 159 869 
728 150 963 926 591 751 304 450 959 269 
593 793 65 130 723 724 758 150 756 838 
633 1 446 925 905 165 971 47 109 870 
856 312 160 139 715 760 980 868 383 439 
328 235 453 459 540 149 394 486 26 960 
286 818 452 348 776 670 386 324 180 728 
243 580 431 418 312 458 991 15 150 30 
917 380 202 475 116 681 716 806 89 191 
710 364 418 986 716 613 201 710 644 621 
192 828 525 759 453 179 369 194 805 632 
28 998 257 385 620 317 854 403 913 284 
638 193 284 273 466 454 537 908 425 791 
846 448 175 867 396 728 905 588 243 932 
941 654 391 787 596 869 783 681 34 656 
450 88 210 922 978 376 115 5 450 936 
407 743 154 596 201 326 191 695 20 317 
629 776 864 127 247 159 142 936 522 214 
728 417 728 641 532 91 712 792 328 528 
376 466 580 150 749 490 429 893 799 691 
486 734 752 397 542 116 835 719 318 972 
910 212 122 950 570 153 621 803 824 106 
383 710 251 658 272 981 154 273 500 975 
636 13 214 462 891 588 478 436 244 886 
61 959 259 933 238 246 369 445 181 987 
223 846 305 352 330 63 282 428 79 458 
189 885 477 685 149 629 952 76 305 784 
177 106 491 601 144 574 525 26 309 56 
803 330 952 987 29 830 182 426 891 363 
860 653 33 63 611 186 27 845 164 662 
399 407 451 699 735 4 990 938 54 113 
93 72 248 129 753 666 948 991 166 858 
963 1 843 217 343 84 142 925 63 324 
538 506 943 298 938 666 426 429 509 415 
634 668 234 165 115 808 267 43 365 444 
659 520 425 238 689 575 769 821 613 901 
18 42 976 88 74 745 534 535 403 103 
516 878 536 219 955 312 949 943 669 5 
754 869 5 156 846 436 481 751 485 922 
545 3 579 985 902 319 64 404 926 50 
980 384 196 198 377 533 658 481 438 845 
984 801 88 537 563 765 737 577 313 40 
875 34 529 735 139 470 318 975 640 858 
442 602 818 561 36 904 21 827 348 344 
286 226 68 158 690 801 838 964 715 637 
218 187 900 222 238 152 762 636 486 98 
347 387 643 687 80 89 973 876 44 997 
988 844 995 847 632 261 270 789 998 312 
572 457 475 824 656 717 400 359 727 529 
518 781 40 241 233 163 772 857 503 585 
701 114 280 862 512 4 701 582 245 604 
178 722 907 693 173 470 510 400 278 620 
323 414 239 811 128 634 292 876 366 713 
945 856 624 187 896 69 587 113 514 328 
126 366 939 498 785 512 992 853 135 727 
177 326 677 746 241 626 75 86 11 98 
679 88 436 633 559 719 262 178 837 613 
512 212 194 829 576 272 837 668 475 327 
987 497 41 638 207 654 980 75 984 710 
287 38 663 111 312 323 640 647 23 509 
934 729 63 666 712 831 458 571 337 126 
159 474 641 847 485 627 86 330 247 613 
520 370 95 984 462 109 924 575 899 131 
830 413 597 252 862 137 890 260 569 171 
586 505 907 942 154 136 222 742 117 741 
498 825 962 977 908 752 323 380 17 908 
721 314 329 75 147 71 950 482 805 222 
964 658 115 578 217 172 629 933 267 423 
74 200 798 503 415 997 782 5 478 33 
790 667 930 941 953 54 135 778 879 324 
