150 39407 43051 
270 119 648 54 1 523 552 501 788 804 
1019 383 472 411 366 185 631 176 582 334 
396 623 514 877 730 816 1030 271 339 590 
861 370 571 259 577 906 393 621 474 1 
475 192 614 165 787 918 88 257 461 76 
828 296 559 486 423 1026 818 134 179 870 
636 185 420 760 541 698 139 472 805 464 
886 395 123 590 759 859 696 915 711 526 
140 1073 505 644 647 153 239 673 822 200 
601 563 1 444 977 554 453 199 718 923 
682 554 27 374 797 501 433 258 204 619 
698 916 120 920 548 671 916 30 488 941 
583 696 1 765 388 683 533 560 374 702 
220 701 843 396 736 929 326 702 280 473 
893 184 549 141 612 695 754 837 257 279 

288 36 706 35 60 442 581 588 829 794 
948 339 476 372 285 261 709 256 601 390 
437 648 436 791 821 856 938 280 422 567 
858 332 532 181 556 889 468 709 452 39 
527 106 558 214 703 923 66 330 487 8 
831 280 533 444 441 936 769 219 84 962 
661 147 336 715 500 732 133 567 716 554 
982 462 190 623 672 953 675 891 745 499 
86 982 499 586 598 234 320 636 914 251 
677 477 13 504 1000 469 529 209 756 924 
621 640 10 344 873 490 487 315 127 669 
739 823 121 921 581 771 823 97 441 941 
536 697 28 791 317 703 492 508 363 795 
266 737 783 464 809 950 321 651 238 476 
899 89 599 143 577 658 782 739 161 362 
