150 38710 41946 
99 656 1 897 238 873 293 1004 597 669 
564 584 235 940 741 375 778 813 154 1019 
98 504 111 134 773 568 355 793 216 183 
752 519 941 577 991 865 106 618 45 921 
460 319 972 361 668 689 339 107 427 407 
217 444 867 375 852 96 841 895 842 200 
505 303 811 791 532 367 781 142 601 141 
762 295 702 508 69 467 871 242 653 644 
922 577 14 282 632 479 344 191 838 293 
552 776 461 677 88 271 577 561 426 216 
841 446 672 181 875 618 456 212 758 620 
241 793 46 758 450 494 609 484 610 733 
283 167 232 352 669 721 869 52 624 632 
902 794 649 1 921 444 83 657 350 671 
719 875 156 168 145 154 592 700 301 696 

157 625 7 936 273 919 354 905 586 735 
553 600 257 985 690 362 826 885 190 971 
26 525 169 180 802 517 391 829 251 220 
671 449 921 554 945 870 193 682 1 948 
500 231 963 451 596 672 399 119 508 317 
276 381 810 337 846 165 830 856 817 159 
578 288 773 760 481 345 858 140 545 191 
747 259 691 516 125 478 856 240 734 592 
899 667 32 303 603 479 397 217 799 360 
482 834 554 733 21 186 630 526 505 297 
922 381 727 229 902 623 500 312 668 530 
288 860 70 742 522 544 668 414 542 642 
269 254 313 284 618 716 825 17 568 696 
815 758 588 21 974 435 102 736 291 593 
768 822 196 252 166 87 539 648 382 687 
