150 38872 41974 
656 705 585 275 567 676 291 913 958 712 
990 337 945 128 41 415 271 773 845 784 
431 262 100 310 532 157 673 1 83 451 
823 87 319 825 378 130 575 1 163 956 
878 434 432 358 649 863 669 663 25 804 
708 166 469 543 873 371 587 262 845 439 
505 897 998 428 211 371 853 295 606 892 
143 917 853 84 510 80 594 268 704 743 
146 186 373 152 93 257 889 566 1 543 
288 3 569 439 837 1 546 224 268 111 
144 1 733 210 1005 408 509 528 875 87 
546 654 870 834 806 898 635 424 539 717 
1 870 487 957 441 771 872 562 565 245 
403 578 922 787 786 755 318 324 571 654 
925 655 293 933 691 449 427 672 655 554 

604 773 607 284 537 706 362 844 882 787 
952 276 937 77 65 365 250 817 886 743 
466 216 97 359 537 121 687 56 2 520 
822 164 352 798 353 34 633 45 129 935 
964 482 395 342 740 939 718 578 60 825 
619 217 458 589 805 360 526 203 897 539 
601 955 964 523 208 293 889 391 561 794 
90 878 851 96 500 33 687 212 677 787 
186 198 303 218 74 186 924 501 63 556 
265 101 481 424 861 14 646 145 345 133 
82 33 703 185 942 403 540 587 963 22 
591 632 854 818 898 955 572 442 614 733 
4 969 408 959 458 847 856 604 487 204 
366 602 979 785 853 847 326 275 522 661 
912 585 244 944 654 411 443 724 669 627 
