150 39025 42575 
853 995 494 94 888 916 347 248 467 26 
194 1026 495 322 270 197 390 646 178 211 
421 713 146 584 824 240 879 710 558 943 
120 393 1060 927 328 163 356 517 883 155 
434 716 461 922 411 899 373 976 507 622 
431 395 835 989 314 251 468 763 688 718 
40 547 419 101 691 491 378 912 844 17 
433 562 565 536 41 832 685 387 339 820 
476 408 416 62 389 754 740 856 739 746 
520 815 260 832 922 438 792 627 297 851 
548 415 813 730 814 145 262 915 476 921 
932 234 416 837 248 447 323 670 35 521 
615 721 500 836 197 133 878 129 833 214 
462 14 757 355 1006 180 847 1 913 46 
19 371 721 703 251 668 240 42 501 581 

915 980 478 91 936 977 393 251 561 50 
199 971 456 284 216 156 321 576 181 222 
369 663 136 638 752 192 838 767 585 927 
109 307 991 997 408 257 280 612 864 198 
443 777 386 829 451 882 365 881 491 664 
370 416 905 964 396 191 565 666 712 642 
64 490 467 130 671 476 416 854 928 9 
417 525 506 503 67 920 686 307 348 834 
425 477 374 129 385 809 723 772 694 651 
592 812 208 855 964 469 861 568 312 820 
513 360 870 640 757 146 315 874 450 917 
998 135 485 921 185 434 291 689 45 580 
603 728 543 886 233 174 831 67 814 147 
421 65 690 336 932 134 893 18 993 36 
79 456 691 687 341 634 170 139 508 578 
