150 39580 42783 
271 605 828 517 1012 163 634 218 892 801 
548 60 233 786 32 532 94 1031 514 496 
518 159 958 757 69 677 318 805 299 879 
202 695 606 568 330 169 578 391 464 1047 
465 681 529 135 456 999 249 841 783 299 
950 529 506 423 861 744 756 420 696 51 
693 656 148 254 920 883 874 725 361 1 
955 668 195 510 875 494 501 958 1 609 
820 59 299 711 276 282 518 863 422 871 
903 914 204 87 305 1043 1065 91 588 804 
1022 601 55 318 379 576 706 276 279 695 
972 278 336 596 638 638 1 757 225 414 
85 843 813 502 659 745 1 236 882 476 
766 1 582 812 875 843 173 44 305 443 
271 319 76 644 171 874 452 61 349 813 

307 623 837 582 959 245 584 159 864 853 
599 22 175 831 96 592 176 947 524 441 
472 107 951 834 104 651 405 851 289 874 
141 631 575 616 263 172 487 408 559 994 
490 765 593 89 466 974 269 933 874 219 
930 491 472 359 812 683 788 446 711 61 
792 710 211 286 895 919 920 794 263 13 
953 689 249 474 907 476 462 974 68 694 
825 121 270 677 321 341 611 855 381 798 
952 864 280 75 291 952 988 180 583 855 
928 643 93 315 460 485 666 318 250 672 
926 338 380 524 624 718 34 756 260 392 
75 756 775 546 592 778 39 303 982 470 
845 36 554 715 796 833 76 102 385 519 
262 292 114 578 260 797 449 14 444 797 
