150 36753 40451 
645 520 1 275 214 114 455 1 246 747 
918 193 886 964 1022 616 404 148 478 490 
179 381 714 321 434 465 102 761 657 855 
69 395 665 848 489 870 128 674 452 183 
556 523 759 261 625 53 713 971 118 3 
346 977 627 132 712 33 1030 236 1 513 
948 443 732 93 975 82 554 334 738 674 
318 512 440 463 115 870 344 1053 87 150 
392 60 868 958 884 182 609 373 952 664 
663 798 491 1025 161 437 249 594 101 318 
1 947 697 857 586 904 93 58 880 927 
95 280 23 529 239 396 666 670 850 643 
565 417 844 526 591 419 238 836 244 494 
436 126 193 67 553 819 388 260 461 233 
1051 380 883 731 870 53 752 165 773 224 

699 460 14 283 304 25 393 19 169 730 
823 195 824 916 968 588 361 200 509 478 
225 335 808 390 360 536 94 767 657 871 
125 427 663 821 424 841 128 660 440 190 
571 593 674 213 595 66 749 953 195 40 
418 960 713 228 644 79 933 290 56 506 
936 402 683 50 887 108 584 358 832 713 
233 477 386 391 59 904 286 995 164 74 
305 13 846 961 929 265 539 356 910 731 
744 748 416 927 212 429 285 656 16 364 
57 912 598 880 685 874 59 82 842 893 
110 199 61 505 145 386 659 769 781 604 
467 328 879 582 617 486 303 843 174 523 
405 193 170 112 604 822 469 242 545 276 
959 392 971 767 845 42 690 227 852 250 
