150 38880 42374 
424 38 91 256 465 7 863 460 920 460 
540 716 711 868 400 180 2 556 855 135 
6 158 612 273 675 1 645 737 867 426 
1055 457 481 318 695 234 232 890 550 174 
847 789 860 272 292 906 1021 668 579 313 
1 462 561 486 199 202 790 707 975 117 
406 574 764 249 238 814 899 241 916 416 
38 857 223 683 835 551 539 484 444 529 
512 477 215 944 489 120 501 416 11 121 
893 524 696 166 849 758 27 477 809 552 
507 251 956 497 473 287 110 947 490 726 
80 313 865 392 879 872 778 385 685 1016 
892 480 446 482 642 626 298 418 515 839 
299 361 506 114 996 596 429 567 805 122 
459 799 322 511 500 873 598 257 1056 204 

407 115 169 274 403 49 828 531 892 457 
611 618 715 875 460 268 76 655 768 221 
60 95 571 270 612 15 569 831 901 430 
961 523 507 236 691 176 171 804 555 182 
846 721 861 301 390 970 969 713 590 263 
14 471 620 395 224 119 728 730 915 57 
420 578 695 170 251 891 804 294 891 457 
93 853 293 606 751 632 626 418 544 618 
605 397 298 857 565 25 479 387 65 202 
964 612 612 247 799 804 24 480 771 611 
516 287 905 487 512 369 190 970 470 700 
106 374 784 384 836 914 870 440 680 988 
831 528 443 414 628 590 363 323 562 770 
321 328 430 111 1000 621 416 658 885 91 
370 792 358 510 456 937 573 322 976 233 
