150 38281 41721 
861 739 770 154 118 643 404 838 762 914 
179 457 97 990 350 263 162 340 471 314 
721 649 239 637 289 96 969 309 500 110 
821 951 62 859 789 808 690 239 947 296 
629 73 683 261 627 606 667 828 275 1 
766 724 346 977 467 350 137 345 185 847 
8 376 525 541 855 669 923 472 274 171 
498 125 151 586 894 92 589 473 389 149 
173 721 449 277 388 14 118 923 658 187 
859 753 454 587 534 429 540 364 406 736 
306 927 996 257 520 400 792 306 813 246 
780 1010 536 871 809 31 482 862 971 43 
770 335 117 402 585 247 699 529 109 826 
699 556 732 249 331 176 384 177 324 730 
706 467 944 695 350 260 543 904 595 914 

790 738 712 241 114 648 379 890 787 960 
218 425 66 978 323 355 147 414 407 388 
635 670 202 589 299 134 992 350 500 61 
840 914 98 923 754 839 618 267 890 293 
725 8 724 204 573 633 688 832 365 30 
757 694 355 978 567 350 127 369 274 760 
83 313 502 617 954 738 899 453 282 200 
508 36 68 549 822 135 657 401 303 65 
196 716 433 184 420 24 150 994 736 121 
779 691 491 630 478 483 631 303 490 738 
387 886 920 174 511 440 733 369 813 155 
785 973 543 871 787 65 485 775 871 139 
694 383 194 445 675 205 610 586 161 809 
744 511 645 302 247 244 327 225 420 826 
641 559 885 669 327 336 548 929 615 984 
