150 34499 38540 
931 272 1022 34 506 679 286 389 871 396 
124 147 640 964 245 1 516 97 556 205 
748 568 268 210 466 454 287 405 298 606 
128 476 187 652 351 384 130 938 196 502 
406 860 866 648 409 413 283 37 796 629 
1 167 384 896 232 385 281 198 190 696 
218 846 119 1 38 222 199 333 507 739 
746 559 676 816 654 670 835 683 204 553 
929 112 1011 280 843 15 347 219 526 945 
392 779 974 938 753 1 536 535 502 839 
85 1052 140 118 495 888 355 262 77 75 
664 325 241 294 627 172 723 759 361 629 
84 952 206 335 456 83 566 534 962 447 
1 625 667 688 639 250 938 381 186 502 
1086 285 308 41 813 710 111 482 101 390 

985 306 924 97 582 703 343 449 919 400 
125 233 686 874 278 34 567 70 523 132 
719 573 190 252 494 486 212 501 295 597 
131 425 269 731 382 367 78 962 206 420 
337 895 768 595 449 344 331 111 841 566 
16 86 439 810 170 461 283 120 278 784 
126 920 41 16 109 122 110 244 414 831 
815 619 712 765 753 598 884 729 258 568 
919 123 972 287 759 7 425 186 428 945 
478 794 998 877 850 35 531 590 478 770 
167 990 76 30 523 888 417 272 168 171 
684 397 283 255 591 208 809 847 267 554 
161 910 141 244 423 108 525 505 964 377 
19 551 640 598 730 228 939 296 127 418 
989 310 313 133 723 672 96 409 122 440 
