150 37324 42040 
944 736 890 244 534 391 106 905 22 907 
131 449 655 789 259 863 649 984 463 331 
647 931 127 889 566 177 309 829 679 707 
268 170 537 219 593 75 123 126 487 475 
936 768 699 350 681 398 173 673 388 278 
226 93 854 1023 142 459 562 192 83 899 
726 156 990 847 548 680 219 409 1031 296 
687 869 150 226 790 728 839 75 729 920 
624 1 544 998 913 249 986 1 145 952 
918 269 67 121 728 774 1054 897 323 348 
302 192 433 510 595 152 359 557 19 932 
190 830 524 408 876 767 368 263 231 655 
268 602 361 334 307 406 1076 1 83 78 
983 465 187 460 67 671 803 841 171 175 
688 460 403 1078 757 659 240 634 743 664 

851 815 869 198 495 293 120 847 64 909 
47 502 591 711 280 808 728 995 476 257 
600 891 127 858 640 267 213 739 697 674 
245 183 615 304 551 76 191 152 535 418 
858 789 729 345 586 350 77 677 354 195 
218 11 944 943 84 539 484 118 159 869 
728 150 963 926 591 751 304 450 959 269 
593 793 65 130 723 724 758 150 756 838 
633 1 446 925 905 165 971 47 109 870 
856 312 160 139 715 760 980 868 383 439 
328 235 453 459 540 149 394 486 26 960 
286 818 452 348 776 670 386 324 180 728 
243 580 431 418 312 458 991 15 150 30 
917 380 202 475 116 681 716 806 89 191 
710 364 418 986 716 613 201 710 644 621 
