150 36967 40931 
826 904 822 653 175 609 971 456 583 847 
530 363 240 92 147 150 26 357 337 901 
114 600 619 43 852 209 478 398 788 25 
953 160 382 194 1055 844 994 465 519 759 
265 1056 70 202 747 622 750 673 305 977 
217 824 207 76 1066 765 770 691 678 445 
217 415 632 283 94 816 197 616 158 1002 
812 411 958 389 119 240 68 400 605 254 
78 519 699 765 499 813 498 1034 771 296 
218 395 920 165 559 380 375 992 852 344 
1 702 662 735 487 435 102 39 277 994 
26 404 630 903 743 266 497 655 521 1 
407 235 672 184 401 943 471 434 516 331 
891 415 19 190 194 12 489 62 301 1 
731 311 779 815 58 316 256 1077 791 980 

841 874 892 705 230 655 903 409 535 904 
509 345 254 186 190 250 39 374 427 820 
135 557 686 84 910 118 500 301 783 117 
859 233 373 251 990 759 934 394 598 692 
305 967 128 259 705 704 675 719 241 974 
128 734 231 66 978 789 851 784 670 416 
118 416 713 328 61 874 262 628 110 951 
767 427 872 365 113 230 52 321 530 296 
31 571 732 815 447 751 457 946 820 313 
182 386 902 245 498 291 299 926 798 426 
55 726 684 670 435 344 169 8 192 955 
44 397 555 807 807 256 577 663 451 50 
473 318 733 236 367 964 493 513 532 313 
851 479 88 246 106 12 531 8 383 58 
829 262 697 869 27 352 296 985 874 984 
