150 37933 41813 
919 644 604 936 135 322 434 769 913 253 
146 868 610 789 217 826 231 318 394 863 
280 643 277 103 972 62 252 644 487 470 
481 241 773 889 680 363 720 909 689 483 
421 144 532 179 484 866 115 592 621 875 
437 67 35 319 1059 832 868 642 819 770 
231 671 1052 634 429 378 993 21 693 198 
215 87 641 852 428 689 556 626 208 196 
392 256 183 914 1 935 753 146 593 218 
852 918 905 79 311 423 1033 251 498 380 
395 333 934 747 1 935 112 400 633 556 
512 584 461 841 300 130 293 52 126 16 
929 523 381 471 86 627 858 836 905 287 
1 866 518 913 522 135 265 23 473 841 
604 79 797 146 753 540 296 565 956 464 

955 676 614 931 64 257 361 731 985 170 
119 803 552 740 272 804 305 304 405 806 
377 591 376 134 920 144 246 559 425 527 
517 147 767 869 648 409 792 988 608 398 
403 49 466 133 507 802 205 625 659 896 
362 64 1 396 980 887 821 554 752 818 
320 714 979 706 343 444 1000 86 792 209 
281 21 722 759 459 784 582 627 228 218 
465 309 198 841 9 945 819 124 638 131 
888 932 936 167 364 445 941 200 480 308 
345 408 902 712 5 866 171 330 714 573 
526 647 381 745 257 154 235 81 173 44 
835 456 423 510 137 686 903 811 814 363 
61 929 458 960 476 62 245 34 465 820 
591 88 827 167 781 546 202 515 916 426 
