150 37923 41390 
406 529 304 452 586 543 369 964 671 65 
208 376 535 812 100 184 877 838 148 425 
327 710 154 888 1 569 340 81 554 377 
871 895 435 343 449 313 36 195 235 883 
235 473 538 812 163 278 674 409 499 957 
487 180 1013 667 543 737 603 978 961 358 
175 242 385 953 779 839 418 976 124 499 
418 718 489 453 410 459 921 565 1 508 
467 695 383 717 1 455 484 192 843 199 
699 847 186 934 832 444 992 28 298 701 
907 727 218 480 103 484 737 71 778 828 
465 976 208 454 334 1060 797 601 373 522 
181 534 263 670 924 402 291 436 104 755 
547 658 881 494 347 636 95 865 338 670 
473 356 631 1043 859 115 81 251 17 574 

481 578 316 433 638 575 431 969 687 152 
285 361 630 786 150 250 871 798 187 524 
399 765 158 900 46 510 252 85 567 453 
851 961 405 427 518 407 38 130 150 844 
193 463 504 811 201 208 667 495 473 910 
464 182 975 722 530 773 547 968 926 272 
150 320 401 944 837 906 350 972 166 423 
319 747 536 445 409 518 964 657 42 552 
391 659 476 687 7 383 441 226 900 177 
638 770 262 845 746 403 979 6 358 698 
831 662 316 542 75 504 809 40 680 803 
372 941 283 439 247 984 801 551 379 562 
161 558 189 708 887 492 325 481 84 737 
547 663 808 534 354 572 99 792 247 650 
453 406 537 965 819 80 176 161 10 568 
