150 37826 41166 
569 470 1 727 174 619 879 1 154 555 
541 224 462 96 98 549 748 947 627 279 
72 1026 43 156 246 473 362 435 824 153 
911 244 771 321 950 551 919 340 685 560 
495 190 748 834 979 244 478 619 702 516 
892 43 657 269 814 913 950 13 24 894 
874 576 45 752 629 350 434 1 930 159 
783 882 187 558 363 223 965 464 62 68 
716 867 63 150 720 787 168 519 525 861 
569 859 292 598 53 563 800 897 344 1043 
1 746 37 418 700 512 642 804 165 707 
271 373 525 625 177 536 539 707 769 632 
465 698 844 771 945 75 282 883 63 1 
186 919 725 864 579 1 462 378 396 259 
154 767 270 605 268 592 922 807 419 1 

570 435 13 778 167 576 816 42 104 513 
638 290 535 75 39 595 792 887 628 309 
32 990 95 61 247 455 405 342 752 238 
996 274 814 268 967 504 999 347 719 517 
490 224 737 748 962 313 436 640 698 607 
937 111 584 323 867 894 884 89 119 969 
783 569 122 673 630 307 479 5 999 232 
720 924 129 590 314 183 925 386 107 17 
792 812 149 64 648 760 170 491 509 938 
519 955 215 654 67 556 716 911 343 971 
32 663 61 511 700 505 658 745 65 716 
189 398 580 560 240 585 586 680 708 539 
554 615 830 781 968 61 310 922 117 50 
276 952 633 903 523 5 516 313 440 299 
126 815 306 646 228 641 913 882 515 1 
