150 36048 40218 
247 312 363 188 617 727 215 927 471 56 
583 701 803 135 188 266 515 959 715 745 
108 57 930 406 787 1079 557 625 141 552 
499 266 416 1 363 380 413 99 352 95 
482 189 389 43 458 1077 27 695 679 886 
12 111 675 55 292 297 639 864 917 37 
930 161 94 591 163 537 177 1023 1045 258 
903 492 773 81 424 875 531 801 369 780 
581 844 82 794 1 665 757 76 429 430 
516 1039 218 673 692 908 325 388 361 671 
512 546 801 843 470 1 542 71 309 822 
226 848 885 651 686 716 1 491 198 174 
462 771 906 322 566 748 686 176 471 852 
495 747 713 458 489 471 1055 641 659 1 
108 77 99 820 260 653 339 111 365 333 

283 223 333 206 623 805 128 863 480 21 
519 614 711 103 248 240 512 987 628 705 
160 83 887 306 848 995 581 683 201 650 
581 207 447 72 359 372 375 136 303 10 
426 285 361 17 538 982 85 789 618 907 
98 131 688 103 212 259 724 862 871 29 
992 134 43 598 175 495 120 994 999 261 
881 545 737 170 427 812 590 750 460 758 
521 785 158 765 73 565 667 7 365 526 
560 984 264 595 635 944 252 324 399 719 
552 595 901 779 388 13 554 22 258 784 
166 850 932 732 600 806 42 412 172 128 
379 868 951 370 568 730 671 103 462 814 
501 708 762 387 540 505 988 654 617 31 
38 140 186 906 228 597 241 190 380 373 
