300 76486 84665 
215 550 599 623 660 302 187 618 450 255 
425 398 72 740 268 400 443 637 564 728 
460 1007 513 559 669 571 869 63 980 9 
686 406 1068 650 728 316 257 746 797 284 
535 237 170 970 924 1026 857 893 920 72 
1026 953 734 666 257 607 257 627 466 619 
635 352 335 470 798 493 338 956 456 727 
952 599 355 861 325 630 929 833 62 579 
937 430 193 129 353 599 440 488 268 551 
427 1 941 922 582 115 292 153 68 629 
526 405 197 689 141 897 180 683 52 488 
10 442 308 26 865 765 288 278 950 491 
258 180 992 815 534 543 840 460 928 787 
41 642 195 99 90 691 827 383 395 803 
739 657 618 217 857 703 251 929 947 221 
255 725 1012 160 655 164 466 400 271 165 
475 94 424 181 775 722 699 143 689 108 
180 526 706 709 806 539 1018 26 1024 412 
371 520 371 802 579 557 442 231 429 841 
253 89 91 558 943 851 93 602 902 521 
295 676 728 191 900 700 670 1 447 521 
115 493 139 343 268 470 608 253 828 895 
664 451 937 869 483 608 163 55 275 937 
38 129 343 377 67 945 446 346 909 543 
797 715 542 10 895 875 997 925 118 707 
68 231 787 204 155 634 641 491 330 920 
740 48 24 680 205 990 272 786 909 500 
83 438 717 454 535 678 670 975 989 245 
189 904 60 796 231 95 420 683 804 1007 
267 822 117 552 525 446 468 219 668 459 

144 604 674 643 708 394 141 548 445 298 
332 451 44 684 197 477 533 560 505 726 
501 984 580 623 589 488 874 80 910 87 
586 492 988 701 812 281 324 789 844 311 
495 178 270 878 959 931 762 938 887 64 
943 928 677 700 249 616 337 531 476 594 
653 291 360 379 804 484 285 951 412 674 
934 622 350 871 384 585 843 835 17 579 
846 430 259 114 286 626 352 396 306 619 
381 69 917 872 648 77 297 193 76 580 
509 376 266 632 137 946 239 699 151 453 
99 471 393 121 797 819 239 265 977 437 
200 105 972 783 613 559 812 516 931 731 
98 665 231 112 185 734 913 363 494 764 
739 689 631 231 881 690 334 963 913 258 
245 705 930 204 722 64 406 407 330 181 
433 35 430 126 681 650 603 240 622 9 
179 470 617 718 743 515 926 73 950 452 
427 437 316 736 561 589 518 241 448 913 
154 11 28 648 993 834 68 646 879 549 
207 741 719 175 903 789 584 2 455 501 
36 572 63 385 254 435 700 172 849 914 
618 445 917 948 524 508 131 53 287 891 
77 62 397 334 97 928 349 341 989 477 
893 623 457 67 954 911 914 858 212 632 
11 139 733 290 107 601 608 396 291 977 
771 65 79 763 231 998 234 816 885 519 
52 523 624 423 565 714 743 950 929 188 
137 970 115 819 200 153 339 681 817 907 
194 748 192 570 547 363 430 258 738 400 
