300 77594 84185 
656 705 585 275 567 676 291 913 958 712 
990 337 945 128 41 415 271 773 845 784 
431 262 100 310 532 157 673 1 83 451 
823 87 319 825 378 130 575 1 163 956 
878 434 432 358 649 863 669 663 25 804 
708 166 469 543 873 371 587 262 845 439 
505 897 998 428 211 371 853 295 606 892 
143 917 853 84 510 80 594 268 704 743 
146 186 373 152 93 257 889 566 1 543 
288 3 569 439 837 1 546 224 268 111 
144 1 733 210 1005 408 509 528 875 87 
546 654 870 834 806 898 635 424 539 717 
1 870 487 957 441 771 872 562 565 245 
403 578 922 787 786 755 318 324 571 654 
925 655 293 933 691 449 427 672 655 554 
842 275 436 322 723 59 861 695 52 853 
964 39 948 231 911 211 430 883 564 405 
800 366 588 707 586 685 163 52 626 712 
564 478 1070 889 610 343 515 386 155 775 
930 503 120 801 691 580 546 92 294 1 
361 683 683 581 1052 521 1007 1 718 126 
602 804 135 114 340 339 511 894 926 144 
345 67 586 916 112 258 360 274 716 221 
823 960 146 132 884 116 472 478 573 417 
74 398 835 580 536 788 162 965 404 569 
150 278 832 65 376 530 804 372 518 138 
145 569 928 699 494 207 18 598 750 302 
1031 639 555 977 722 4 299 499 617 676 
358 633 277 329 536 630 645 805 201 191 
603 350 673 835 733 530 635 902 903 544 

604 773 607 284 537 706 362 844 882 787 
952 276 937 77 65 365 250 817 886 743 
466 216 97 359 537 121 687 56 2 520 
822 164 352 798 353 34 633 45 129 935 
964 482 395 342 740 939 718 578 60 825 
619 217 458 589 805 360 526 203 897 539 
601 955 964 523 208 293 889 391 561 794 
90 878 851 96 500 33 687 212 677 787 
186 198 303 218 74 186 924 501 63 556 
265 101 481 424 861 14 646 145 345 133 
82 33 703 185 942 403 540 587 963 22 
591 632 854 818 898 955 572 442 614 733 
4 969 408 959 458 847 856 604 487 204 
366 602 979 785 853 847 326 275 522 661 
912 585 244 944 654 411 443 724 669 627 
770 209 470 341 678 81 859 768 118 878 
878 51 883 270 878 219 407 888 570 458 
887 406 621 742 571 651 91 34 691 804 
536 445 977 945 621 430 491 378 92 874 
935 515 105 881 606 562 504 94 323 14 
299 717 763 647 995 461 941 2 684 94 
649 860 91 113 370 324 569 828 918 91 
294 77 626 852 40 276 320 238 628 307 
914 983 161 39 838 192 570 494 641 349 
42 304 798 660 575 719 230 938 329 657 
79 211 889 154 312 593 789 317 616 41 
200 642 955 731 580 190 87 592 705 352 
984 548 492 879 810 3 267 423 613 749 
389 595 320 283 597 649 648 841 245 243 
655 316 765 898 711 627 547 963 822 520 
