300 73176 81107 
247 312 363 188 617 727 215 927 471 56 
583 701 803 135 188 266 515 959 715 745 
108 57 930 406 787 1079 557 625 141 552 
499 266 416 1 363 380 413 99 352 95 
482 189 389 43 458 1077 27 695 679 886 
12 111 675 55 292 297 639 864 917 37 
930 161 94 591 163 537 177 1023 1045 258 
903 492 773 81 424 875 531 801 369 780 
581 844 82 794 1 665 757 76 429 430 
516 1039 218 673 692 908 325 388 361 671 
512 546 801 843 470 1 542 71 309 822 
226 848 885 651 686 716 1 491 198 174 
462 771 906 322 566 748 686 176 471 852 
495 747 713 458 489 471 1055 641 659 1 
108 77 99 820 260 653 339 111 365 333 
717 388 871 488 1 36 248 495 928 492 
170 282 304 302 132 938 914 156 353 746 
996 271 217 217 189 830 839 622 675 540 
372 1057 466 925 504 497 101 503 228 741 
479 762 631 715 1 912 817 94 298 817 
279 1074 757 287 157 279 885 863 827 486 
887 845 658 460 300 673 308 585 831 719 
572 805 577 160 255 184 137 392 619 1 
462 849 878 313 81 325 878 854 665 884 
821 276 551 131 452 160 1005 769 548 368 
388 276 715 134 838 611 83 193 993 1 
27 159 555 609 222 655 601 851 714 127 
527 524 919 195 562 330 800 494 645 533 
300 82 485 195 267 1005 107 253 450 442 
525 134 49 811 730 153 943 804 156 28 

283 223 333 206 623 805 128 863 480 21 
519 614 711 103 248 240 512 987 628 705 
160 83 887 306 848 995 581 683 201 650 
581 207 447 72 359 372 375 136 303 10 
426 285 361 17 538 982 85 789 618 907 
98 131 688 103 212 259 724 862 871 29 
992 134 43 598 175 495 120 994 999 261 
881 545 737 170 427 812 590 750 460 758 
521 785 158 765 73 565 667 7 365 526 
560 984 264 595 635 944 252 324 399 719 
552 595 901 779 388 13 554 22 258 784 
166 850 932 732 600 806 42 412 172 128 
379 868 951 370 568 730 671 103 462 814 
501 708 762 387 540 505 988 654 617 31 
38 140 186 906 228 597 241 190 380 373 
680 340 877 575 85 3 209 450 989 488 
260 198 249 249 196 845 838 139 385 748 
918 369 228 257 250 918 753 668 609 543 
374 960 535 987 476 440 121 404 275 812 
549 670 599 667 12 933 823 9 394 888 
370 976 802 290 234 296 923 789 810 472 
839 815 714 492 281 726 335 551 820 717 
637 800 640 167 311 159 174 336 706 54 
400 905 872 233 172 331 800 904 640 936 
848 306 540 118 405 218 957 717 519 411 
342 190 696 205 758 572 163 103 982 20 
38 100 570 630 186 609 517 771 792 138 
559 518 979 154 512 245 850 457 676 599 
268 141 422 214 203 996 174 172 364 390 
549 143 11 877 750 174 881 749 69 67 
