300 76072.5 83342 
424 38 91 256 465 7 863 460 920 460 
540 716 711 868 400 180 2 556 855 135 
6 158 612 273 675 1 645 737 867 426 
1055 457 481 318 695 234 232 890 550 174 
847 789 860 272 292 906 1021 668 579 313 
1 462 561 486 199 202 790 707 975 117 
406 574 764 249 238 814 899 241 916 416 
38 857 223 683 835 551 539 484 444 529 
512 477 215 944 489 120 501 416 11 121 
893 524 696 166 849 758 27 477 809 552 
507 251 956 497 473 287 110 947 490 726 
80 313 865 392 879 872 778 385 685 1016 
892 480 446 482 642 626 298 418 515 839 
299 361 506 114 996 596 429 567 805 122 
459 799 322 511 500 873 598 257 1056 204 
303 621 714 603 935 253 63 490 413 148 
721 924 393 843 137 966 902 303 455 89 
988 198 230 723 575 325 950 117 852 727 
382 64 700 265 468 630 842 841 926 455 
499 323 444 244 178 892 200 340 792 208 
218 681 106 256 321 306 19 969 417 874 
380 650 604 337 483 602 897 823 851 806 
1088 261 545 442 138 151 171 497 191 230 
234 181 459 506 944 280 127 564 180 174 
1 192 358 751 692 558 33 194 566 262 
672 412 730 1030 757 899 585 1071 230 125 
899 464 575 546 644 823 937 1005 482 1 
606 599 76 598 372 633 890 1 110 880 
749 413 809 260 365 459 637 1006 771 280 
532 788 22 103 413 337 207 862 664 1 

407 115 169 274 403 49 828 531 892 457 
611 618 715 875 460 268 76 655 768 221 
60 95 571 270 612 15 569 831 901 430 
961 523 507 236 691 176 171 804 555 182 
846 721 861 301 390 970 969 713 590 263 
14 471 620 395 224 119 728 730 915 57 
420 578 695 170 251 891 804 294 891 457 
93 853 293 606 751 632 626 418 544 618 
605 397 298 857 565 25 479 387 65 202 
964 612 612 247 799 804 24 480 771 611 
516 287 905 487 512 369 190 970 470 700 
106 374 784 384 836 914 870 440 680 988 
831 528 443 414 628 590 363 323 562 770 
321 328 430 111 1000 621 416 658 885 91 
370 792 358 510 456 937 573 322 976 233 
260 680 793 555 873 263 21 438 353 180 
624 858 405 773 96 945 842 359 397 48 
914 213 224 645 566 354 917 208 813 691 
418 132 635 199 464 644 837 776 887 360 
505 282 411 151 168 873 139 397 806 244 
254 732 46 278 390 284 15 905 422 940 
467 715 542 320 533 538 955 747 872 729 
993 204 588 539 59 99 122 596 222 154 
212 173 516 469 960 215 212 572 268 212 
20 238 272 842 601 558 65 249 635 175 
618 410 692 977 818 880 583 995 290 192 
842 552 550 570 726 861 977 991 508 78 
611 530 127 654 452 553 950 29 120 955 
696 321 882 306 391 512 650 984 848 298 
561 859 87 185 442 290 109 769 697 47 
