300 73682 80887 
569 470 1 727 174 619 879 1 154 555 
541 224 462 96 98 549 748 947 627 279 
72 1026 43 156 246 473 362 435 824 153 
911 244 771 321 950 551 919 340 685 560 
495 190 748 834 979 244 478 619 702 516 
892 43 657 269 814 913 950 13 24 894 
874 576 45 752 629 350 434 1 930 159 
783 882 187 558 363 223 965 464 62 68 
716 867 63 150 720 787 168 519 525 861 
569 859 292 598 53 563 800 897 344 1043 
1 746 37 418 700 512 642 804 165 707 
271 373 525 625 177 536 539 707 769 632 
465 698 844 771 945 75 282 883 63 1 
186 919 725 864 579 1 462 378 396 259 
154 767 270 605 268 592 922 807 419 1 
501 578 105 56 57 917 714 1067 607 720 
519 113 866 376 552 131 50 56 341 138 
153 879 275 139 576 353 193 706 609 132 
717 450 1 495 1 290 44 109 871 345 
597 75 1 198 691 207 801 325 653 961 
248 131 768 763 857 655 289 409 930 752 
905 127 102 783 181 295 888 71 990 87 
636 720 203 735 242 716 662 997 206 242 
101 564 270 237 524 61 957 355 46 291 
841 519 764 260 235 1038 45 299 732 647 
709 626 104 49 752 924 892 244 514 452 
488 514 527 697 972 973 359 884 1 523 
163 434 995 519 504 476 545 69 754 201 
580 843 960 952 538 496 811 328 838 132 
400 881 980 147 524 449 632 434 158 283 

570 435 13 778 167 576 816 42 104 513 
638 290 535 75 39 595 792 887 628 309 
32 990 95 61 247 455 405 342 752 238 
996 274 814 268 967 504 999 347 719 517 
490 224 737 748 962 313 436 640 698 607 
937 111 584 323 867 894 884 89 119 969 
783 569 122 673 630 307 479 5 999 232 
720 924 129 590 314 183 925 386 107 17 
792 812 149 64 648 760 170 491 509 938 
519 955 215 654 67 556 716 911 343 971 
32 663 61 511 700 505 658 745 65 716 
189 398 580 560 240 585 586 680 708 539 
554 615 830 781 968 61 310 922 117 50 
276 952 633 903 523 5 516 313 440 299 
126 815 306 646 228 641 913 882 515 1 
512 519 12 139 124 919 769 982 564 740 
612 129 817 276 532 121 109 110 424 232 
117 852 299 172 585 425 169 640 585 90 
710 427 7 535 27 388 129 192 778 400 
605 73 63 111 692 280 854 372 617 916 
273 147 833 789 889 699 235 368 850 732 
927 82 193 711 168 354 935 130 932 49 
588 819 240 642 270 698 702 932 122 145 
200 565 343 165 588 126 888 444 31 211 
808 454 788 186 253 997 116 248 679 551 
669 689 23 16 782 887 915 147 454 535 
390 576 473 729 930 876 373 974 55 566 
126 490 946 437 504 409 625 37 747 267 
675 857 998 865 555 479 726 239 819 113 
421 938 955 56 541 457 657 489 164 214 
