300 77310 84420 
270 119 648 54 1 523 552 501 788 804 
1019 383 472 411 366 185 631 176 582 334 
396 623 514 877 730 816 1030 271 339 590 
861 370 571 259 577 906 393 621 474 1 
475 192 614 165 787 918 88 257 461 76 
828 296 559 486 423 1026 818 134 179 870 
636 185 420 760 541 698 139 472 805 464 
886 395 123 590 759 859 696 915 711 526 
140 1073 505 644 647 153 239 673 822 200 
601 563 1 444 977 554 453 199 718 923 
682 554 27 374 797 501 433 258 204 619 
698 916 120 920 548 671 916 30 488 941 
583 696 1 765 388 683 533 560 374 702 
220 701 843 396 736 929 326 702 280 473 
893 184 549 141 612 695 754 837 257 279 
523 828 179 1051 578 148 556 469 838 171 
1 349 48 933 685 390 870 343 614 671 
199 75 1016 661 526 134 387 557 233 264 
505 826 148 636 447 121 477 153 131 442 
858 186 300 508 371 962 70 402 599 378 
626 599 423 97 958 449 1 25 292 564 
756 875 470 924 771 794 368 621 387 198 
489 272 332 729 748 1 1035 1 667 665 
548 524 838 410 613 816 683 399 789 426 
914 83 325 593 93 899 729 395 403 453 
296 895 879 672 825 719 628 349 477 290 
729 993 16 333 166 526 186 723 42 701 
912 913 189 396 613 269 183 148 242 495 
863 637 589 540 730 124 293 640 616 455 
957 318 624 384 9 1062 634 736 452 799 

288 36 706 35 60 442 581 588 829 794 
948 339 476 372 285 261 709 256 601 390 
437 648 436 791 821 856 938 280 422 567 
858 332 532 181 556 889 468 709 452 39 
527 106 558 214 703 923 66 330 487 8 
831 280 533 444 441 936 769 219 84 962 
661 147 336 715 500 732 133 567 716 554 
982 462 190 623 672 953 675 891 745 499 
86 982 499 586 598 234 320 636 914 251 
677 477 13 504 1000 469 529 209 756 924 
621 640 10 344 873 490 487 315 127 669 
739 823 121 921 581 771 823 97 441 941 
536 697 28 791 317 703 492 508 363 795 
266 737 783 464 809 950 321 651 238 476 
899 89 599 143 577 658 782 739 161 362 
557 801 234 996 594 160 574 375 922 245 
9 411 22 910 585 426 923 280 702 625 
291 54 929 606 439 155 350 465 166 324 
419 789 108 736 353 157 542 193 216 353 
874 251 324 528 281 946 164 462 695 365 
647 549 351 95 967 453 40 114 351 501 
756 796 455 889 790 875 428 668 345 122 
402 285 261 748 748 68 963 37 751 643 
469 534 757 478 681 872 749 349 813 437 
933 47 345 531 90 807 738 314 308 544 
227 987 877 738 851 681 600 444 499 361 
707 985 55 403 111 606 186 808 133 719 
892 987 112 367 621 234 191 110 217 460 
961 714 579 619 736 49 243 689 697 531 
890 340 688 466 99 963 710 738 402 744 
