300 76136.5 82802 
271 605 828 517 1012 163 634 218 892 801 
548 60 233 786 32 532 94 1031 514 496 
518 159 958 757 69 677 318 805 299 879 
202 695 606 568 330 169 578 391 464 1047 
465 681 529 135 456 999 249 841 783 299 
950 529 506 423 861 744 756 420 696 51 
693 656 148 254 920 883 874 725 361 1 
955 668 195 510 875 494 501 958 1 609 
820 59 299 711 276 282 518 863 422 871 
903 914 204 87 305 1043 1065 91 588 804 
1022 601 55 318 379 576 706 276 279 695 
972 278 336 596 638 638 1 757 225 414 
85 843 813 502 659 745 1 236 882 476 
766 1 582 812 875 843 173 44 305 443 
271 319 76 644 171 874 452 61 349 813 
400 762 702 801 599 538 51 459 610 152 
1060 506 555 133 293 541 534 742 160 226 
667 812 88 344 653 202 674 786 842 556 
384 840 813 983 891 586 112 510 565 1030 
857 63 522 540 914 643 324 268 519 702 
934 344 212 362 668 180 559 561 472 828 
575 840 413 900 742 684 462 201 310 735 
684 486 733 164 543 179 282 270 641 834 
24 234 1002 363 244 722 730 35 393 203 
127 45 90 284 177 632 138 771 1002 578 
574 519 310 500 573 98 1 243 238 624 
106 712 514 665 305 1 272 1 276 467 
469 830 310 666 51 388 295 488 35 181 
803 778 581 707 275 716 248 420 434 905 
278 117 590 162 1011 674 250 91 948 354 

307 623 837 582 959 245 584 159 864 853 
599 22 175 831 96 592 176 947 524 441 
472 107 951 834 104 651 405 851 289 874 
141 631 575 616 263 172 487 408 559 994 
490 765 593 89 466 974 269 933 874 219 
930 491 472 359 812 683 788 446 711 61 
792 710 211 286 895 919 920 794 263 13 
953 689 249 474 907 476 462 974 68 694 
825 121 270 677 321 341 611 855 381 798 
952 864 280 75 291 952 988 180 583 855 
928 643 93 315 460 485 666 318 250 672 
926 338 380 524 624 718 34 756 260 392 
75 756 775 546 592 778 39 303 982 470 
845 36 554 715 796 833 76 102 385 519 
262 292 114 578 260 797 449 14 444 797 
352 828 677 767 565 443 25 546 581 216 
972 486 521 89 348 549 446 827 177 148 
710 721 140 385 706 166 745 692 913 655 
422 848 871 971 796 496 65 540 659 956 
869 78 551 587 972 717 271 353 578 616 
954 416 274 346 578 280 555 525 482 904 
495 759 354 988 705 646 527 143 380 797 
653 400 832 223 543 175 222 368 674 766 
80 169 920 321 268 747 664 88 440 184 
208 138 92 254 181 634 181 829 927 675 
662 574 400 541 606 60 3 143 158 716 
94 724 602 742 362 65 229 19 200 386 
455 822 379 602 144 397 298 569 52 271 
876 733 582 782 291 812 158 340 484 902 
181 87 659 125 982 614 193 109 973 379 
