300 75936 84487 
944 736 890 244 534 391 106 905 22 907 
131 449 655 789 259 863 649 984 463 331 
647 931 127 889 566 177 309 829 679 707 
268 170 537 219 593 75 123 126 487 475 
936 768 699 350 681 398 173 673 388 278 
226 93 854 1023 142 459 562 192 83 899 
726 156 990 847 548 680 219 409 1031 296 
687 869 150 226 790 728 839 75 729 920 
624 1 544 998 913 249 986 1 145 952 
918 269 67 121 728 774 1054 897 323 348 
302 192 433 510 595 152 359 557 19 932 
190 830 524 408 876 767 368 263 231 655 
268 602 361 334 307 406 1076 1 83 78 
983 465 187 460 67 671 803 841 171 175 
688 460 403 1078 757 659 240 634 743 664 
130 855 566 843 519 244 274 222 735 593 
52 1028 276 410 617 290 894 383 895 334 
699 284 185 304 525 541 551 1007 471 707 
809 469 237 847 335 692 877 617 283 898 
1018 689 467 885 643 808 796 745 1 666 
490 1 146 893 981 306 140 1 518 928 
360 834 210 525 156 268 175 785 71 404 
546 748 861 71 181 179 151 1028 469 244 
797 412 728 700 601 63 674 704 330 497 
301 402 583 64 823 450 521 808 798 788 
462 790 799 425 628 60 783 766 314 961 
930 245 145 978 586 101 547 708 799 86 
288 636 349 733 287 1033 241 330 498 881 
582 1 265 555 854 603 573 448 211 899 
10 898 231 837 226 275 294 449 174 890 

851 815 869 198 495 293 120 847 64 909 
47 502 591 711 280 808 728 995 476 257 
600 891 127 858 640 267 213 739 697 674 
245 183 615 304 551 76 191 152 535 418 
858 789 729 345 586 350 77 677 354 195 
218 11 944 943 84 539 484 118 159 869 
728 150 963 926 591 751 304 450 959 269 
593 793 65 130 723 724 758 150 756 838 
633 1 446 925 905 165 971 47 109 870 
856 312 160 139 715 760 980 868 383 439 
328 235 453 459 540 149 394 486 26 960 
286 818 452 348 776 670 386 324 180 728 
243 580 431 418 312 458 991 15 150 30 
917 380 202 475 116 681 716 806 89 191 
710 364 418 986 716 613 201 710 644 621 
192 828 525 759 453 179 369 194 805 632 
28 998 257 385 620 317 854 403 913 284 
638 193 284 273 466 454 537 908 425 791 
846 448 175 867 396 728 905 588 243 932 
941 654 391 787 596 869 783 681 34 656 
450 88 210 922 978 376 115 5 450 936 
407 743 154 596 201 326 191 695 20 317 
629 776 864 127 247 159 142 936 522 214 
728 417 728 641 532 91 712 792 328 528 
376 466 580 150 749 490 429 893 799 691 
486 734 752 397 542 116 835 719 318 972 
910 212 122 950 570 153 621 803 824 106 
383 710 251 658 272 981 154 273 500 975 
636 13 214 462 891 588 478 436 244 886 
61 959 259 933 238 246 369 445 181 987 
