300 79180.5 86458 
99 656 1 897 238 873 293 1004 597 669 
564 584 235 940 741 375 778 813 154 1019 
98 504 111 134 773 568 355 793 216 183 
752 519 941 577 991 865 106 618 45 921 
460 319 972 361 668 689 339 107 427 407 
217 444 867 375 852 96 841 895 842 200 
505 303 811 791 532 367 781 142 601 141 
762 295 702 508 69 467 871 242 653 644 
922 577 14 282 632 479 344 191 838 293 
552 776 461 677 88 271 577 561 426 216 
841 446 672 181 875 618 456 212 758 620 
241 793 46 758 450 494 609 484 610 733 
283 167 232 352 669 721 869 52 624 632 
902 794 649 1 921 444 83 657 350 671 
719 875 156 168 145 154 592 700 301 696 
153 1005 891 422 290 313 673 459 557 667 
813 495 883 515 683 569 706 99 873 925 
870 178 419 465 648 82 622 1048 1022 243 
950 1 68 203 378 346 354 618 215 530 
861 709 76 698 160 837 814 663 91 646 
335 292 917 384 699 939 49 314 309 81 
430 206 520 891 1 897 318 930 914 246 
781 860 771 889 139 484 397 665 816 952 
600 670 236 862 176 580 131 499 93 7 
224 41 194 777 1 809 421 364 944 899 
827 678 730 1010 243 914 112 969 459 80 
404 702 230 562 471 729 883 920 525 691 
318 134 690 843 851 727 748 195 405 7 
261 956 704 471 545 618 579 911 309 414 
820 804 855 614 680 15 249 964 925 801 

157 625 7 936 273 919 354 905 586 735 
553 600 257 985 690 362 826 885 190 971 
26 525 169 180 802 517 391 829 251 220 
671 449 921 554 945 870 193 682 1 948 
500 231 963 451 596 672 399 119 508 317 
276 381 810 337 846 165 830 856 817 159 
578 288 773 760 481 345 858 140 545 191 
747 259 691 516 125 478 856 240 734 592 
899 667 32 303 603 479 397 217 799 360 
482 834 554 733 21 186 630 526 505 297 
922 381 727 229 902 623 500 312 668 530 
288 860 70 742 522 544 668 414 542 642 
269 254 313 284 618 716 825 17 568 696 
815 758 588 21 974 435 102 736 291 593 
768 822 196 252 166 87 539 648 382 687 
90 942 823 513 383 285 611 372 527 746 
814 432 939 419 702 487 680 77 851 854 
776 107 342 371 692 136 539 982 939 145 
920 34 129 245 438 386 419 614 213 630 
887 728 33 621 222 775 769 691 188 738 
356 354 924 420 684 858 85 255 260 2 
481 297 508 942 59 936 337 897 862 319 
831 938 698 913 121 545 320 714 740 976 
546 707 258 827 262 621 74 450 18 50 
138 84 102 768 39 828 367 311 945 893 
848 608 754 959 200 974 205 977 512 54 
400 630 268 504 564 651 959 949 618 724 
393 168 701 908 874 663 804 179 318 89 
270 895 736 480 621 534 520 982 262 504 
831 857 773 607 648 24 259 871 871 765 
