300 79092 86462 
406 529 304 452 586 543 369 964 671 65 
208 376 535 812 100 184 877 838 148 425 
327 710 154 888 1 569 340 81 554 377 
871 895 435 343 449 313 36 195 235 883 
235 473 538 812 163 278 674 409 499 957 
487 180 1013 667 543 737 603 978 961 358 
175 242 385 953 779 839 418 976 124 499 
418 718 489 453 410 459 921 565 1 508 
467 695 383 717 1 455 484 192 843 199 
699 847 186 934 832 444 992 28 298 701 
907 727 218 480 103 484 737 71 778 828 
465 976 208 454 334 1060 797 601 373 522 
181 534 263 670 924 402 291 436 104 755 
547 658 881 494 347 636 95 865 338 670 
473 356 631 1043 859 115 81 251 17 574 
775 619 1 945 116 761 238 765 815 850 
102 459 929 407 730 567 279 260 433 109 
291 680 970 1000 942 814 661 488 697 547 
825 567 967 333 924 509 800 764 72 88 
158 599 603 671 111 276 607 425 848 158 
266 774 817 93 371 539 778 390 885 934 
355 55 159 853 271 589 498 875 157 658 
412 191 606 735 525 896 398 738 1013 617 
901 520 1 120 850 595 46 715 462 1006 
942 768 414 929 749 366 845 922 721 817 
109 212 975 521 262 294 872 633 333 788 
1039 772 951 392 735 190 738 737 711 463 
288 211 994 480 647 404 544 768 825 140 
456 333 474 182 193 754 79 629 191 764 
328 824 237 850 624 877 602 554 375 106 

481 578 316 433 638 575 431 969 687 152 
285 361 630 786 150 250 871 798 187 524 
399 765 158 900 46 510 252 85 567 453 
851 961 405 427 518 407 38 130 150 844 
193 463 504 811 201 208 667 495 473 910 
464 182 975 722 530 773 547 968 926 272 
150 320 401 944 837 906 350 972 166 423 
319 747 536 445 409 518 964 657 42 552 
391 659 476 687 7 383 441 226 900 177 
638 770 262 845 746 403 979 6 358 698 
831 662 316 542 75 504 809 40 680 803 
372 941 283 439 247 984 801 551 379 562 
161 558 189 708 887 492 325 481 84 737 
547 663 808 534 354 572 99 792 247 650 
453 406 537 965 819 80 176 161 10 568 
807 582 3 994 171 670 168 757 755 939 
27 488 856 483 715 632 220 213 487 95 
348 707 890 907 976 784 584 503 728 585 
853 562 934 358 898 523 832 831 33 167 
124 632 526 614 59 319 621 435 848 171 
360 754 832 4 416 466 802 471 825 867 
270 9 240 766 223 625 510 777 131 696 
435 234 551 777 533 801 301 723 937 560 
823 556 30 92 867 613 31 731 454 906 
935 749 347 993 700 340 875 975 758 806 
76 224 966 575 253 254 882 642 237 878 
957 863 896 360 769 211 668 701 614 461 
341 121 969 468 639 424 560 868 922 74 
386 272 549 168 162 686 37 694 250 832 
388 865 218 863 604 952 528 480 435 205 
