450 117786 128994 
270 119 648 54 1 523 552 501 788 804 
1019 383 472 411 366 185 631 176 582 334 
396 623 514 877 730 816 1030 271 339 590 
861 370 571 259 577 906 393 621 474 1 
475 192 614 165 787 918 88 257 461 76 
828 296 559 486 423 1026 818 134 179 870 
636 185 420 760 541 698 139 472 805 464 
886 395 123 590 759 859 696 915 711 526 
140 1073 505 644 647 153 239 673 822 200 
601 563 1 444 977 554 453 199 718 923 
682 554 27 374 797 501 433 258 204 619 
698 916 120 920 548 671 916 30 488 941 
583 696 1 765 388 683 533 560 374 702 
220 701 843 396 736 929 326 702 280 473 
893 184 549 141 612 695 754 837 257 279 
523 828 179 1051 578 148 556 469 838 171 
1 349 48 933 685 390 870 343 614 671 
199 75 1016 661 526 134 387 557 233 264 
505 826 148 636 447 121 477 153 131 442 
858 186 300 508 371 962 70 402 599 378 
626 599 423 97 958 449 1 25 292 564 
756 875 470 924 771 794 368 621 387 198 
489 272 332 729 748 1 1035 1 667 665 
548 524 838 410 613 816 683 399 789 426 
914 83 325 593 93 899 729 395 403 453 
296 895 879 672 825 719 628 349 477 290 
729 993 16 333 166 526 186 723 42 701 
912 913 189 396 613 269 183 148 242 495 
863 637 589 540 730 124 293 640 616 455 
957 318 624 384 9 1062 634 736 452 799 
767 1 661 159 864 466 525 636 180 765 
531 621 48 590 381 699 822 528 231 251 
121 969 1057 456 631 630 709 1054 232 1 
904 327 86 743 1034 559 466 701 95 787 
928 869 481 518 377 857 373 649 335 278 
639 474 499 833 855 457 606 474 805 584 
802 692 848 628 212 1 794 768 599 305 
809 830 500 418 204 99 110 138 533 645 
893 570 368 340 490 922 344 914 988 820 
713 435 737 656 139 673 805 646 165 283 
776 302 331 262 813 675 755 844 793 379 
878 925 846 969 844 778 22 588 698 235 
706 939 609 249 62 398 19 559 520 369 
223 113 461 184 133 181 204 649 592 99 
428 782 176 231 117 922 955 969 864 857 

288 36 706 35 60 442 581 588 829 794 
948 339 476 372 285 261 709 256 601 390 
437 648 436 791 821 856 938 280 422 567 
858 332 532 181 556 889 468 709 452 39 
527 106 558 214 703 923 66 330 487 8 
831 280 533 444 441 936 769 219 84 962 
661 147 336 715 500 732 133 567 716 554 
982 462 190 623 672 953 675 891 745 499 
86 982 499 586 598 234 320 636 914 251 
677 477 13 504 1000 469 529 209 756 924 
621 640 10 344 873 490 487 315 127 669 
739 823 121 921 581 771 823 97 441 941 
536 697 28 791 317 703 492 508 363 795 
266 737 783 464 809 950 321 651 238 476 
899 89 599 143 577 658 782 739 161 362 
557 801 234 996 594 160 574 375 922 245 
9 411 22 910 585 426 923 280 702 625 
291 54 929 606 439 155 350 465 166 324 
419 789 108 736 353 157 542 193 216 353 
874 251 324 528 281 946 164 462 695 365 
647 549 351 95 967 453 40 114 351 501 
756 796 455 889 790 875 428 668 345 122 
402 285 261 748 748 68 963 37 751 643 
469 534 757 478 681 872 749 349 813 437 
933 47 345 531 90 807 738 314 308 544 
227 987 877 738 851 681 600 444 499 361 
707 985 55 403 111 606 186 808 133 719 
892 987 112 367 621 234 191 110 217 460 
961 714 579 619 736 49 243 689 697 531 
890 340 688 466 99 963 710 738 402 744 
844 43 694 93 871 524 447 537 108 679 
626 626 122 538 290 762 757 545 222 349 
174 935 968 414 613 707 674 991 290 45 
864 279 93 840 954 659 563 719 112 752 
873 842 422 604 280 775 280 642 281 219 
612 380 576 784 868 481 547 527 827 662 
810 597 813 678 142 87 865 708 571 223 
896 886 472 382 244 25 147 170 596 737 
839 479 396 359 559 887 287 890 898 740 
639 433 687 698 88 629 744 600 178 377 
760 301 382 219 910 740 662 762 818 354 
943 935 797 997 807 694 43 580 776 308 
769 939 653 240 48 309 66 620 594 402 
167 170 498 209 203 257 262 716 530 111 
422 848 136 190 155 932 917 921 851 767 
