450 112408 122859 
861 739 770 154 118 643 404 838 762 914 
179 457 97 990 350 263 162 340 471 314 
721 649 239 637 289 96 969 309 500 110 
821 951 62 859 789 808 690 239 947 296 
629 73 683 261 627 606 667 828 275 1 
766 724 346 977 467 350 137 345 185 847 
8 376 525 541 855 669 923 472 274 171 
498 125 151 586 894 92 589 473 389 149 
173 721 449 277 388 14 118 923 658 187 
859 753 454 587 534 429 540 364 406 736 
306 927 996 257 520 400 792 306 813 246 
780 1010 536 871 809 31 482 862 971 43 
770 335 117 402 585 247 699 529 109 826 
699 556 732 249 331 176 384 177 324 730 
706 467 944 695 350 260 543 904 595 914 
329 518 873 963 645 734 420 562 520 552 
845 836 653 1 920 132 663 673 333 688 
591 850 950 581 491 745 412 982 461 342 
36 691 199 571 133 712 254 554 265 761 
316 113 370 452 991 1 266 76 409 627 
604 909 225 560 157 872 357 559 199 690 
486 424 445 683 342 241 461 741 712 491 
724 355 727 749 1 129 510 661 857 456 
352 841 599 856 842 706 765 680 132 61 
922 882 375 140 885 1007 694 631 139 737 
411 23 474 294 872 390 454 141 749 316 
229 424 691 984 763 188 57 986 53 538 
513 341 644 139 300 754 1046 1 778 71 
509 912 888 759 518 750 256 134 672 867 
818 834 827 366 183 274 945 535 1 649 
629 691 385 586 289 303 614 217 1 286 
218 244 244 569 706 382 713 61 978 59 
642 798 1 673 51 814 60 718 1011 909 
467 145 797 378 747 56 807 428 810 30 
247 431 795 515 192 495 70 1 416 261 
833 550 98 622 879 552 588 201 963 1055 
131 979 413 354 1048 158 168 619 136 1005 
571 568 307 682 331 406 689 779 452 173 
428 587 81 96 605 747 1 226 451 417 
359 783 76 76 378 62 868 881 968 637 
357 396 663 943 216 192 776 162 559 302 
915 465 528 440 596 397 520 114 326 969 
198 126 29 309 445 223 611 634 490 20 
526 332 318 185 112 616 438 303 338 246 
825 760 83 306 961 308 720 896 437 439 

790 738 712 241 114 648 379 890 787 960 
218 425 66 978 323 355 147 414 407 388 
635 670 202 589 299 134 992 350 500 61 
840 914 98 923 754 839 618 267 890 293 
725 8 724 204 573 633 688 832 365 30 
757 694 355 978 567 350 127 369 274 760 
83 313 502 617 954 738 899 453 282 200 
508 36 68 549 822 135 657 401 303 65 
196 716 433 184 420 24 150 994 736 121 
779 691 491 630 478 483 631 303 490 738 
387 886 920 174 511 440 733 369 813 155 
785 973 543 871 787 65 485 775 871 139 
694 383 194 445 675 205 610 586 161 809 
744 511 645 302 247 244 327 225 420 826 
641 559 885 669 327 336 548 929 615 984 
331 599 832 954 648 726 396 501 504 611 
839 833 692 68 847 32 585 758 380 783 
569 868 895 548 565 713 380 983 452 410 
25 595 170 518 135 795 332 535 198 831 
296 49 458 502 967 8 298 140 421 667 
533 851 261 581 85 835 454 632 253 683 
546 466 389 599 284 241 426 754 743 496 
704 323 747 690 42 42 513 563 933 529 
355 868 675 844 783 686 707 619 219 59 
883 965 351 217 936 973 656 728 138 798 
481 41 419 376 825 343 550 170 785 303 
281 343 693 897 821 260 64 942 83 509 
434 425 574 157 227 760 997 60 751 10 
527 864 961 745 550 807 329 215 735 769 
808 746 758 392 281 313 908 560 16 638 
698 761 420 627 245 218 709 175 34 277 
168 264 264 616 744 448 635 71 892 155 
668 749 86 724 43 777 40 757 960 867 
494 117 875 374 760 137 833 413 814 110 
191 376 860 554 126 469 126 64 479 345 
834 450 182 598 834 527 665 149 865 972 
224 963 467 332 988 213 199 546 65 965 
494 668 214 676 370 375 761 824 530 167 
373 517 42 189 517 725 69 248 440 450 
389 687 53 104 446 67 902 814 984 559 
334 443 708 873 220 98 764 168 552 264 
981 389 499 387 597 404 585 122 366 946 
287 105 3 406 510 203 536 554 424 88 
589 248 352 111 113 623 396 218 392 149 
860 670 22 372 913 298 771 847 441 349 
