450 112561 123039 
271 605 828 517 1012 163 634 218 892 801 
548 60 233 786 32 532 94 1031 514 496 
518 159 958 757 69 677 318 805 299 879 
202 695 606 568 330 169 578 391 464 1047 
465 681 529 135 456 999 249 841 783 299 
950 529 506 423 861 744 756 420 696 51 
693 656 148 254 920 883 874 725 361 1 
955 668 195 510 875 494 501 958 1 609 
820 59 299 711 276 282 518 863 422 871 
903 914 204 87 305 1043 1065 91 588 804 
1022 601 55 318 379 576 706 276 279 695 
972 278 336 596 638 638 1 757 225 414 
85 843 813 502 659 745 1 236 882 476 
766 1 582 812 875 843 173 44 305 443 
271 319 76 644 171 874 452 61 349 813 
400 762 702 801 599 538 51 459 610 152 
1060 506 555 133 293 541 534 742 160 226 
667 812 88 344 653 202 674 786 842 556 
384 840 813 983 891 586 112 510 565 1030 
857 63 522 540 914 643 324 268 519 702 
934 344 212 362 668 180 559 561 472 828 
575 840 413 900 742 684 462 201 310 735 
684 486 733 164 543 179 282 270 641 834 
24 234 1002 363 244 722 730 35 393 203 
127 45 90 284 177 632 138 771 1002 578 
574 519 310 500 573 98 1 243 238 624 
106 712 514 665 305 1 272 1 276 467 
469 830 310 666 51 388 295 488 35 181 
803 778 581 707 275 716 248 420 434 905 
278 117 590 162 1011 674 250 91 948 354 
541 1087 39 432 296 427 409 81 755 629 
675 160 45 350 236 318 661 893 665 865 
496 957 930 91 724 233 461 474 702 637 
202 590 362 857 116 435 587 1 38 905 
959 726 155 881 122 974 632 217 56 386 
393 571 752 75 564 702 722 332 323 165 
785 684 387 599 349 355 1 756 768 958 
1012 163 132 955 507 619 677 538 482 866 
285 251 751 399 716 70 711 332 420 469 
425 104 370 312 946 1001 375 557 921 23 
478 22 790 455 895 785 500 684 734 68 
436 594 107 913 678 897 353 128 390 546 
909 579 65 355 262 41 67 190 692 55 
131 216 966 654 583 471 88 884 708 96 
371 606 409 93 841 81 83 769 803 859 

307 623 837 582 959 245 584 159 864 853 
599 22 175 831 96 592 176 947 524 441 
472 107 951 834 104 651 405 851 289 874 
141 631 575 616 263 172 487 408 559 994 
490 765 593 89 466 974 269 933 874 219 
930 491 472 359 812 683 788 446 711 61 
792 710 211 286 895 919 920 794 263 13 
953 689 249 474 907 476 462 974 68 694 
825 121 270 677 321 341 611 855 381 798 
952 864 280 75 291 952 988 180 583 855 
928 643 93 315 460 485 666 318 250 672 
926 338 380 524 624 718 34 756 260 392 
75 756 775 546 592 778 39 303 982 470 
845 36 554 715 796 833 76 102 385 519 
262 292 114 578 260 797 449 14 444 797 
352 828 677 767 565 443 25 546 581 216 
972 486 521 89 348 549 446 827 177 148 
710 721 140 385 706 166 745 692 913 655 
422 848 871 971 796 496 65 540 659 956 
869 78 551 587 972 717 271 353 578 616 
954 416 274 346 578 280 555 525 482 904 
495 759 354 988 705 646 527 143 380 797 
653 400 832 223 543 175 222 368 674 766 
80 169 920 321 268 747 664 88 440 184 
208 138 92 254 181 634 181 829 927 675 
662 574 400 541 606 60 3 143 158 716 
94 724 602 742 362 65 229 19 200 386 
455 822 379 602 144 397 298 569 52 271 
876 733 582 782 291 812 158 340 484 902 
181 87 659 125 982 614 193 109 973 379 
559 990 89 528 362 431 322 20 823 650 
613 221 21 333 309 245 752 932 585 808 
505 890 931 121 760 158 485 498 709 632 
259 506 304 867 93 374 542 66 19 987 
964 717 161 815 59 890 691 157 124 342 
431 591 699 67 647 620 638 266 350 209 
781 712 312 689 289 442 28 791 742 906 
915 153 179 881 527 564 614 509 407 780 
234 194 695 434 754 74 778 429 469 479 
498 196 386 309 899 992 323 571 957 84 
507 48 753 406 945 799 473 685 693 125 
386 674 152 904 626 857 382 79 331 471 
884 662 16 331 211 40 29 279 693 77 
226 221 997 636 566 396 161 839 693 114 
281 619 427 169 766 79 16 860 734 818 
