450 116102 128261 
215 550 599 623 660 302 187 618 450 255 
425 398 72 740 268 400 443 637 564 728 
460 1007 513 559 669 571 869 63 980 9 
686 406 1068 650 728 316 257 746 797 284 
535 237 170 970 924 1026 857 893 920 72 
1026 953 734 666 257 607 257 627 466 619 
635 352 335 470 798 493 338 956 456 727 
952 599 355 861 325 630 929 833 62 579 
937 430 193 129 353 599 440 488 268 551 
427 1 941 922 582 115 292 153 68 629 
526 405 197 689 141 897 180 683 52 488 
10 442 308 26 865 765 288 278 950 491 
258 180 992 815 534 543 840 460 928 787 
41 642 195 99 90 691 827 383 395 803 
739 657 618 217 857 703 251 929 947 221 
255 725 1012 160 655 164 466 400 271 165 
475 94 424 181 775 722 699 143 689 108 
180 526 706 709 806 539 1018 26 1024 412 
371 520 371 802 579 557 442 231 429 841 
253 89 91 558 943 851 93 602 902 521 
295 676 728 191 900 700 670 1 447 521 
115 493 139 343 268 470 608 253 828 895 
664 451 937 869 483 608 163 55 275 937 
38 129 343 377 67 945 446 346 909 543 
797 715 542 10 895 875 997 925 118 707 
68 231 787 204 155 634 641 491 330 920 
740 48 24 680 205 990 272 786 909 500 
83 438 717 454 535 678 670 975 989 245 
189 904 60 796 231 95 420 683 804 1007 
267 822 117 552 525 446 468 219 668 459 
684 733 689 575 914 911 266 542 763 155 
128 363 874 623 381 121 490 687 142 388 
743 375 264 866 248 647 983 629 138 653 
758 363 59 559 137 1063 427 610 633 755 
530 739 561 643 1010 223 490 795 363 736 
632 731 477 904 721 826 552 343 902 620 
16 381 165 527 961 555 155 366 876 564 
931 289 155 153 264 2 218 665 773 685 
181 900 254 808 756 423 737 299 377 906 
210 810 259 658 754 535 613 897 474 599 
482 114 739 903 721 971 603 790 110 559 
156 1040 210 810 198 62 976 802 450 910 
371 918 747 157 455 782 380 399 785 484 
35 480 277 460 639 760 826 112 1 61 
994 317 272 365 483 671 166 431 413 826 

144 604 674 643 708 394 141 548 445 298 
332 451 44 684 197 477 533 560 505 726 
501 984 580 623 589 488 874 80 910 87 
586 492 988 701 812 281 324 789 844 311 
495 178 270 878 959 931 762 938 887 64 
943 928 677 700 249 616 337 531 476 594 
653 291 360 379 804 484 285 951 412 674 
934 622 350 871 384 585 843 835 17 579 
846 430 259 114 286 626 352 396 306 619 
381 69 917 872 648 77 297 193 76 580 
509 376 266 632 137 946 239 699 151 453 
99 471 393 121 797 819 239 265 977 437 
200 105 972 783 613 559 812 516 931 731 
98 665 231 112 185 734 913 363 494 764 
739 689 631 231 881 690 334 963 913 258 
245 705 930 204 722 64 406 407 330 181 
433 35 430 126 681 650 603 240 622 9 
179 470 617 718 743 515 926 73 950 452 
427 437 316 736 561 589 518 241 448 913 
154 11 28 648 993 834 68 646 879 549 
207 741 719 175 903 789 584 2 455 501 
36 572 63 385 254 435 700 172 849 914 
618 445 917 948 524 508 131 53 287 891 
77 62 397 334 97 928 349 341 989 477 
893 623 457 67 954 911 914 858 212 632 
11 139 733 290 107 601 608 396 291 977 
771 65 79 763 231 998 234 816 885 519 
52 523 624 423 565 714 743 950 929 188 
137 970 115 819 200 153 339 681 817 907 
194 748 192 570 547 363 430 258 738 400 
604 819 614 485 999 980 295 513 796 159 
66 402 874 562 418 66 517 729 118 485 
654 367 336 822 189 691 922 655 154 653 
808 351 85 480 130 987 387 567 656 792 
513 826 502 716 984 239 504 826 449 731 
636 748 384 976 628 873 547 319 971 534 
26 325 109 598 958 551 161 420 947 471 
944 278 248 158 244 73 195 762 844 593 
191 935 244 767 679 503 783 210 338 988 
143 825 183 594 848 549 696 808 474 641 
504 29 814 971 726 964 582 770 26 482 
159 975 181 733 247 22 883 708 368 924 
441 955 701 184 472 789 418 412 714 402 
63 522 202 513 563 745 742 60 34 119 
918 288 336 294 435 652 85 361 483 863 
