600 154732 170102 
656 705 585 275 567 676 291 913 958 712 
990 337 945 128 41 415 271 773 845 784 
431 262 100 310 532 157 673 1 83 451 
823 87 319 825 378 130 575 1 163 956 
878 434 432 358 649 863 669 663 25 804 
708 166 469 543 873 371 587 262 845 439 
505 897 998 428 211 371 853 295 606 892 
143 917 853 84 510 80 594 268 704 743 
146 186 373 152 93 257 889 566 1 543 
288 3 569 439 837 1 546 224 268 111 
144 1 733 210 1005 408 509 528 875 87 
546 654 870 834 806 898 635 424 539 717 
1 870 487 957 441 771 872 562 565 245 
403 578 922 787 786 755 318 324 571 654 
925 655 293 933 691 449 427 672 655 554 
842 275 436 322 723 59 861 695 52 853 
964 39 948 231 911 211 430 883 564 405 
800 366 588 707 586 685 163 52 626 712 
564 478 1070 889 610 343 515 386 155 775 
930 503 120 801 691 580 546 92 294 1 
361 683 683 581 1052 521 1007 1 718 126 
602 804 135 114 340 339 511 894 926 144 
345 67 586 916 112 258 360 274 716 221 
823 960 146 132 884 116 472 478 573 417 
74 398 835 580 536 788 162 965 404 569 
150 278 832 65 376 530 804 372 518 138 
145 569 928 699 494 207 18 598 750 302 
1031 639 555 977 722 4 299 499 617 676 
358 633 277 329 536 630 645 805 201 191 
603 350 673 835 733 530 635 902 903 544 
313 530 1004 222 342 341 251 270 181 607 
390 298 389 192 872 747 184 543 26 930 
1 393 826 519 200 271 182 748 974 76 
330 827 1032 995 176 691 1043 414 633 234 
905 877 383 424 965 141 338 1 204 430 
263 446 144 341 593 107 1006 773 131 474 
904 906 862 802 569 43 506 575 398 21 
729 315 604 877 875 267 914 271 101 414 
816 267 194 512 948 273 423 175 95 952 
611 591 435 974 204 279 133 619 302 341 
154 1 482 878 327 379 481 960 686 819 
323 580 269 251 887 1077 132 911 569 533 
527 735 316 644 448 11 656 339 23 39 
930 1 908 526 391 725 775 888 328 693 
344 632 731 322 928 809 621 500 495 51 
223 807 297 229 617 607 375 594 428 416 
396 623 803 186 989 89 653 693 853 616 
805 941 542 161 585 815 325 219 165 819 
480 514 46 575 80 369 500 742 664 531 
253 110 604 358 230 829 950 436 521 137 
864 889 986 587 897 534 665 801 737 617 
865 865 461 800 525 229 300 940 729 569 
240 1 286 911 460 746 754 205 450 130 
103 272 408 729 234 940 790 80 115 901 
386 769 922 437 356 327 846 434 571 567 
193 223 38 926 831 828 429 508 856 899 
200 892 132 472 573 531 535 571 974 524 
199 621 469 678 578 766 611 41 4 369 
889 345 451 568 505 607 588 801 192 129 
884 1034 1088 783 1047 498 939 711 630 831 

604 773 607 284 537 706 362 844 882 787 
952 276 937 77 65 365 250 817 886 743 
466 216 97 359 537 121 687 56 2 520 
822 164 352 798 353 34 633 45 129 935 
964 482 395 342 740 939 718 578 60 825 
619 217 458 589 805 360 526 203 897 539 
601 955 964 523 208 293 889 391 561 794 
90 878 851 96 500 33 687 212 677 787 
186 198 303 218 74 186 924 501 63 556 
265 101 481 424 861 14 646 145 345 133 
82 33 703 185 942 403 540 587 963 22 
591 632 854 818 898 955 572 442 614 733 
4 969 408 959 458 847 856 604 487 204 
366 602 979 785 853 847 326 275 522 661 
912 585 244 944 654 411 443 724 669 627 
770 209 470 341 678 81 859 768 118 878 
878 51 883 270 878 219 407 888 570 458 
887 406 621 742 571 651 91 34 691 804 
536 445 977 945 621 430 491 378 92 874 
935 515 105 881 606 562 504 94 323 14 
299 717 763 647 995 461 941 2 684 94 
649 860 91 113 370 324 569 828 918 91 
294 77 626 852 40 276 320 238 628 307 
914 983 161 39 838 192 570 494 641 349 
42 304 798 660 575 719 230 938 329 657 
79 211 889 154 312 593 789 317 616 41 
200 642 955 731 580 190 87 592 705 352 
984 548 492 879 810 3 267 423 613 749 
389 595 320 283 597 649 648 841 245 243 
655 316 765 898 711 627 547 963 822 520 
281 547 970 158 276 316 236 266 232 512 
358 267 359 106 774 707 169 450 123 989 
35 327 780 423 130 172 222 823 902 45 
300 760 953 985 214 724 999 359 701 152 
918 851 418 485 893 55 260 10 278 460 
265 517 133 417 641 177 952 752 151 519 
894 845 889 703 490 80 437 557 360 119 
820 414 668 927 873 234 927 290 128 329 
779 296 113 464 924 280 444 147 174 925 
547 546 339 891 149 222 148 624 271 378 
125 54 514 780 259 477 434 939 727 843 
275 560 369 189 956 999 167 973 549 564 
494 755 274 568 357 70 583 284 71 82 
867 34 974 609 399 793 826 892 398 743 
290 689 820 310 968 860 569 473 415 63 
141 854 325 308 539 675 355 615 488 354 
306 686 882 263 957 82 739 622 875 542 
861 903 635 68 644 820 367 189 185 759 
508 415 108 606 94 302 447 809 590 461 
231 184 677 444 259 879 912 385 493 75 
787 833 902 683 856 478 595 793 679 671 
852 777 517 701 481 287 263 866 813 594 
269 57 221 981 513 819 743 122 399 134 
149 175 309 765 329 866 810 53 88 902 
456 859 929 414 363 248 789 495 561 607 
190 184 49 899 770 786 510 563 782 969 
243 832 61 411 527 579 632 533 888 497 
196 683 369 640 625 823 637 81 80 382 
891 246 394 608 554 571 533 814 228 166 
807 948 988 840 986 486 881 667 545 748 
