600 156228 170746 
406 529 304 452 586 543 369 964 671 65 
208 376 535 812 100 184 877 838 148 425 
327 710 154 888 1 569 340 81 554 377 
871 895 435 343 449 313 36 195 235 883 
235 473 538 812 163 278 674 409 499 957 
487 180 1013 667 543 737 603 978 961 358 
175 242 385 953 779 839 418 976 124 499 
418 718 489 453 410 459 921 565 1 508 
467 695 383 717 1 455 484 192 843 199 
699 847 186 934 832 444 992 28 298 701 
907 727 218 480 103 484 737 71 778 828 
465 976 208 454 334 1060 797 601 373 522 
181 534 263 670 924 402 291 436 104 755 
547 658 881 494 347 636 95 865 338 670 
473 356 631 1043 859 115 81 251 17 574 
775 619 1 945 116 761 238 765 815 850 
102 459 929 407 730 567 279 260 433 109 
291 680 970 1000 942 814 661 488 697 547 
825 567 967 333 924 509 800 764 72 88 
158 599 603 671 111 276 607 425 848 158 
266 774 817 93 371 539 778 390 885 934 
355 55 159 853 271 589 498 875 157 658 
412 191 606 735 525 896 398 738 1013 617 
901 520 1 120 850 595 46 715 462 1006 
942 768 414 929 749 366 845 922 721 817 
109 212 975 521 262 294 872 633 333 788 
1039 772 951 392 735 190 738 737 711 463 
288 211 994 480 647 404 544 768 825 140 
456 333 474 182 193 754 79 629 191 764 
328 824 237 850 624 877 602 554 375 106 
505 676 537 839 810 230 720 397 164 674 
749 511 356 614 942 344 958 624 539 225 
668 202 372 827 874 760 969 465 724 961 
278 845 521 649 942 465 42 581 622 532 
246 1010 820 828 979 690 744 627 919 269 
289 70 128 139 152 630 294 106 640 925 
138 667 438 932 831 430 1065 210 18 839 
339 202 396 749 668 846 343 733 733 550 
953 770 569 367 737 601 759 162 466 710 
75 883 189 194 338 347 458 1 1 1 
423 329 844 390 766 724 164 245 441 864 
799 555 826 786 49 914 849 591 526 862 
916 5 615 732 602 1000 704 90 671 270 
415 794 1045 893 615 570 781 248 32 215 
269 166 900 94 521 703 1 215 706 738 
172 168 704 209 289 145 396 250 525 469 
786 180 827 256 102 423 69 152 255 291 
621 672 576 722 867 161 182 306 279 956 
438 250 136 683 816 411 1 227 411 429 
809 555 672 353 712 897 41 495 243 108 
58 289 1 599 919 991 209 1025 704 690 
1047 660 1062 159 131 472 846 959 613 1045 
857 215 93 557 358 301 1 555 158 555 
822 577 955 123 788 501 617 141 602 321 
720 530 869 76 530 515 372 521 669 85 
517 628 116 1 353 156 670 503 968 764 
550 907 312 757 401 845 272 43 61 825 
731 127 592 185 891 680 685 299 1 475 
848 894 962 588 921 905 118 116 610 655 
328 993 402 344 383 775 537 630 45 73 

481 578 316 433 638 575 431 969 687 152 
285 361 630 786 150 250 871 798 187 524 
399 765 158 900 46 510 252 85 567 453 
851 961 405 427 518 407 38 130 150 844 
193 463 504 811 201 208 667 495 473 910 
464 182 975 722 530 773 547 968 926 272 
150 320 401 944 837 906 350 972 166 423 
319 747 536 445 409 518 964 657 42 552 
391 659 476 687 7 383 441 226 900 177 
638 770 262 845 746 403 979 6 358 698 
831 662 316 542 75 504 809 40 680 803 
372 941 283 439 247 984 801 551 379 562 
161 558 189 708 887 492 325 481 84 737 
547 663 808 534 354 572 99 792 247 650 
453 406 537 965 819 80 176 161 10 568 
807 582 3 994 171 670 168 757 755 939 
27 488 856 483 715 632 220 213 487 95 
348 707 890 907 976 784 584 503 728 585 
853 562 934 358 898 523 832 831 33 167 
124 632 526 614 59 319 621 435 848 171 
360 754 832 4 416 466 802 471 825 867 
270 9 240 766 223 625 510 777 131 696 
435 234 551 777 533 801 301 723 937 560 
823 556 30 92 867 613 31 731 454 906 
935 749 347 993 700 340 875 975 758 806 
76 224 966 575 253 254 882 642 237 878 
957 863 896 360 769 211 668 701 614 461 
341 121 969 468 639 424 560 868 922 74 
386 272 549 168 162 686 37 694 250 832 
388 865 218 863 604 952 528 480 435 205 
510 712 615 851 897 329 761 471 173 653 
827 432 260 623 867 248 942 647 488 314 
640 156 457 836 871 729 963 484 699 978 
257 821 598 638 987 521 108 588 698 573 
331 984 815 746 938 708 737 551 851 257 
286 122 106 214 158 694 213 117 556 860 
139 690 390 908 759 493 978 266 29 812 
425 275 425 716 590 847 260 655 693 534 
856 677 566 333 817 637 705 96 531 738 
112 911 216 184 282 251 417 21 20 39 
506 267 927 393 816 658 191 160 452 832 
872 653 822 738 65 996 908 586 522 769 
867 24 711 653 658 923 620 81 588 231 
360 807 947 854 532 558 687 273 131 236 
359 198 929 131 541 705 62 286 716 788 
154 171 626 113 240 232 424 180 589 479 
783 251 807 188 186 383 160 83 184 299 
538 628 608 625 929 121 268 354 182 956 
457 268 201 683 875 443 76 238 379 466 
740 461 642 281 752 876 141 574 186 160 
32 214 59 656 901 891 256 998 636 724 
977 750 986 154 54 564 772 863 658 999 
930 270 74 498 366 384 36 583 100 499 
810 604 970 90 830 455 647 170 565 291 
661 616 902 83 600 581 306 500 686 52 
459 669 46 16 383 247 763 504 907 814 
616 821 394 696 428 888 261 106 141 742 
761 152 534 109 966 636 674 382 13 379 
864 803 975 629 903 976 210 187 617 731 
300 977 369 357 407 875 486 720 62 25 
