750 176694 195487 
53 171 725 565 869 49 269 197 804 673 
574 836 704 286 60 177 784 229 227 721 
525 416 92 6 180 828 564 640 439 1067 
424 585 944 57 609 829 247 626 811 278 
630 828 355 267 897 534 318 526 1 670 
853 29 291 865 694 332 100 846 1 1000 
521 202 82 777 73 822 1014 181 326 58 
158 560 728 117 191 101 358 839 546 5 
306 100 205 648 547 556 793 29 836 1 
260 172 492 689 178 6 547 622 267 613 
785 787 328 857 716 69 1 20 176 180 
214 862 726 217 921 486 161 493 201 68 
728 57 724 123 865 150 761 255 143 553 
318 1 798 648 445 450 70 581 649 382 
471 318 383 241 234 650 33 664 787 259 
951 1004 59 307 214 810 116 919 94 499 
1 350 1072 682 827 182 700 618 801 858 
951 596 488 821 864 452 422 304 402 178 
132 173 233 49 514 1 67 68 766 488 
649 365 309 130 84 421 502 736 289 981 
672 156 548 884 499 795 805 159 169 37 
90 365 58 125 982 377 581 115 711 1006 
882 495 324 1009 362 806 950 156 801 482 
1028 431 561 333 418 268 859 800 343 199 
382 158 696 816 324 1 23 790 362 90 
510 673 506 608 840 225 327 318 649 319 
492 621 143 1024 634 1 598 731 453 42 
339 783 178 704 536 197 356 499 457 949 
926 331 970 268 396 175 511 728 455 145 
41 538 258 1032 425 375 116 49 869 145 
506 785 882 258 28 835 561 108 804 438 
685 584 126 771 770 892 1 950 587 308 
729 793 595 929 239 593 284 179 550 102 
292 337 431 444 77 499 36 455 353 660 
329 489 126 447 776 1 337 514 111 442 
328 365 482 56 692 1008 457 687 746 913 
128 835 444 17 230 192 148 592 334 416 
641 376 265 796 726 750 240 902 608 481 
466 908 591 810 180 301 965 940 810 898 
509 268 893 211 898 1049 55 707 70 711 
907 491 231 424 593 512 1018 182 219 578 
764 823 1 322 111 149 680 229 284 293 
301 584 431 139 429 593 973 21 552 1 
379 248 699 571 842 112 963 925 344 591 
110 495 451 373 69 391 533 744 423 765 
809 445 416 887 1 660 1 285 898 566 
1061 517 401 453 826 688 237 331 917 717 
263 103 863 83 545 109 1001 277 91 939 
846 463 120 676 769 362 878 343 1054 74 
615 192 682 132 67 848 438 669 337 1 
405 556 164 158 888 498 41 134 742 1 
754 116 864 399 969 991 682 533 638 616 
202 827 706 997 1 553 632 789 233 803 
218 15 915 336 680 918 805 802 303 916 
1 928 485 435 138 76 460 701 707 897 
34 618 524 678 287 440 180 284 244 462 
116 992 878 428 82 833 610 913 10 894 
564 669 193 671 897 678 303 312 451 843 
885 1 399 116 712 422 675 219 939 41 
527 893 568 23 323 997 826 95 317 341 
519 897 670 40 509 363 421 138 344 1 
797 1 1 79 1 820 692 913 949 191 
220 814 371 359 989 627 344 682 203 130 
455 875 86 674 128 937 478 953 40 978 
173 526 280 98 643 342 719 247 857 194 
861 338 726 1014 842 337 538 690 344 658 
47 821 74 256 944 370 314 75 327 37 
475 957 387 697 307 64 921 1067 66 577 
414 604 790 203 121 80 813 422 620 351 
822 177 574 249 942 247 578 81 757 750 
771 451 273 837 416 369 59 329 404 192 
568 1029 219 461 64 497 394 527 765 14 
466 41 196 1040 468 607 698 180 212 498 
299 784 811 247 718 218 682 412 70 37 
52 197 240 3 87 310 761 30 550 546 

38 175 769 590 835 108 324 126 756 685 
514 886 763 223 131 271 700 243 232 793 
436 466 75 97 243 803 625 738 372 994 
432 510 938 16 595 884 227 527 843 289 
566 796 277 360 990 613 416 612 78 579 
877 99 388 831 671 426 192 901 35 909 
515 125 30 709 42 863 955 273 323 28 
188 656 821 154 158 83 409 862 631 69 
220 16 201 660 452 612 854 47 857 30 
219 143 427 786 79 80 528 707 299 607 
764 731 257 931 624 45 46 69 85 136 
217 826 704 300 836 405 62 580 280 103 
798 139 762 137 804 177 714 190 217 614 
240 4 861 587 431 409 120 501 620 399 
538 283 398 314 176 613 85 702 815 285 
932 995 136 287 280 875 149 882 192 520 
16 325 973 656 768 157 665 658 876 780 
881 592 439 832 901 357 493 228 317 254 
114 175 187 43 439 40 157 44 750 572 
593 349 211 139 176 412 442 832 357 984 
573 103 629 897 517 735 887 156 230 8 
155 446 53 43 972 470 523 206 728 957 
976 495 380 910 378 854 898 104 830 493 
964 337 563 321 464 194 892 728 435 255 
348 178 696 822 401 17 8 820 403 11 
433 677 427 708 762 155 327 359 698 251 
410 612 53 957 622 8 681 810 395 10 
298 758 230 761 580 253 317 593 495 951 
975 349 882 173 351 147 538 787 359 53 
57 566 311 972 329 461 149 117 856 138 
491 725 916 176 118 766 622 188 746 338 
712 621 201 788 824 917 27 980 637 391 
749 721 526 833 164 654 272 193 632 199 
214 386 363 467 48 598 25 449 415 754 
312 509 52 423 791 57 398 508 64 446 
379 399 527 19 779 939 506 634 689 953 
80 767 387 17 308 282 207 583 354 377 
542 424 294 873 739 732 329 812 514 507 
437 850 595 746 134 226 934 877 808 831 
421 172 957 213 903 976 110 650 113 804 
871 520 188 350 589 503 924 221 193 597 
741 882 75 407 14 201 681 207 319 302 
352 645 420 58 495 584 881 6 497 20 
413 300 664 483 937 147 916 830 344 633 
28 547 462 312 130 470 555 659 425 689 
735 360 375 830 37 653 45 273 938 588 
988 608 500 409 783 724 317 408 957 800 
239 121 909 62 526 110 921 311 187 945 
910 401 38 712 832 384 817 443 976 23 
649 250 639 110 165 841 474 667 255 13 
325 563 128 197 986 448 45 107 737 1 
806 171 911 471 875 953 769 476 719 652 
143 795 799 975 11 621 537 788 297 736 
207 57 943 399 611 892 764 703 402 992 
10 837 507 528 53 90 391 697 739 993 
32 682 611 597 260 524 272 229 208 419 
133 946 791 453 129 885 618 887 42 987 
638 725 291 634 995 713 279 387 546 872 
877 48 420 106 708 469 655 184 918 112 
457 862 582 114 380 976 851 101 379 438 
549 941 577 106 493 330 382 190 350 26 
699 48 24 56 10 759 753 898 881 213 
180 892 333 284 980 679 273 635 239 102 
502 792 60 621 90 902 447 858 11 902 
82 438 291 78 683 306 619 199 811 220 
833 352 626 969 924 238 438 682 404 598 
114 825 125 238 969 347 402 1 266 117 
547 954 314 656 249 21 968 974 15 563 
425 564 808 212 154 56 853 324 684 355 
742 144 575 270 861 288 521 110 768 716 
782 481 214 793 383 423 14 307 324 108 
613 970 253 482 54 551 298 625 673 5 
464 89 126 954 404 580 673 253 159 598 
365 703 730 182 707 124 617 388 10 129 
122 227 270 85 28 310 698 129 458 564 
