750 195539 213895 
99 656 1 897 238 873 293 1004 597 669 
564 584 235 940 741 375 778 813 154 1019 
98 504 111 134 773 568 355 793 216 183 
752 519 941 577 991 865 106 618 45 921 
460 319 972 361 668 689 339 107 427 407 
217 444 867 375 852 96 841 895 842 200 
505 303 811 791 532 367 781 142 601 141 
762 295 702 508 69 467 871 242 653 644 
922 577 14 282 632 479 344 191 838 293 
552 776 461 677 88 271 577 561 426 216 
841 446 672 181 875 618 456 212 758 620 
241 793 46 758 450 494 609 484 610 733 
283 167 232 352 669 721 869 52 624 632 
902 794 649 1 921 444 83 657 350 671 
719 875 156 168 145 154 592 700 301 696 
153 1005 891 422 290 313 673 459 557 667 
813 495 883 515 683 569 706 99 873 925 
870 178 419 465 648 82 622 1048 1022 243 
950 1 68 203 378 346 354 618 215 530 
861 709 76 698 160 837 814 663 91 646 
335 292 917 384 699 939 49 314 309 81 
430 206 520 891 1 897 318 930 914 246 
781 860 771 889 139 484 397 665 816 952 
600 670 236 862 176 580 131 499 93 7 
224 41 194 777 1 809 421 364 944 899 
827 678 730 1010 243 914 112 969 459 80 
404 702 230 562 471 729 883 920 525 691 
318 134 690 843 851 727 748 195 405 7 
261 956 704 471 545 618 579 911 309 414 
820 804 855 614 680 15 249 964 925 801 
974 327 262 754 337 474 833 647 423 1003 
1 739 397 543 327 758 368 482 374 980 
621 505 132 706 552 881 729 266 696 919 
357 521 459 357 364 804 275 171 344 851 
292 898 240 797 152 932 718 32 539 1051 
818 977 885 560 654 900 65 50 211 479 
582 446 163 968 1007 850 185 627 142 413 
940 405 483 1044 730 279 675 351 222 159 
535 174 516 430 524 981 840 943 887 275 
1 326 290 367 67 72 885 223 843 508 
380 154 656 425 425 703 906 760 497 222 
367 147 621 521 33 403 255 1049 1 811 
861 882 836 538 774 1045 883 553 657 12 
811 602 694 815 587 726 811 1 270 877 
297 129 901 947 1 186 358 468 77 513 
489 419 824 423 858 236 796 343 949 909 
741 511 303 613 156 704 917 886 231 395 
39 636 1 253 654 762 441 172 1 628 
681 660 642 954 481 929 669 669 772 600 
53 675 151 626 686 537 24 531 348 621 
525 157 978 915 470 903 717 818 655 935 
604 1 492 891 779 811 49 182 1018 299 
208 986 179 121 313 880 1 678 755 159 
80 195 127 187 76 9 90 1049 758 809 
352 561 431 542 728 497 780 156 78 505 
716 448 708 789 795 130 554 519 659 737 
356 372 488 236 321 878 745 336 394 745 
807 165 1 477 302 202 384 267 329 871 
1001 489 311 623 248 760 318 172 513 644 
339 198 966 892 306 59 465 690 663 282 
981 614 419 111 516 212 729 172 446 635 
53 718 550 784 716 816 941 404 380 827 
444 895 742 205 199 921 747 721 814 904 
850 200 337 576 801 878 609 113 190 571 
587 588 817 979 808 270 531 783 403 227 
184 851 264 472 361 339 764 26 295 44 
800 567 917 71 426 878 125 505 719 913 
793 969 563 42 453 320 1 257 526 936 
335 162 59 808 559 506 666 105 479 681 
319 731 579 577 646 340 517 173 474 159 
430 891 669 436 711 323 864 295 669 648 
607 81 814 590 937 632 436 149 867 170 
679 691 620 927 84 893 940 228 618 656 
537 585 363 142 598 788 207 128 61 287 
346 197 506 856 498 601 94 812 272 241 

157 625 7 936 273 919 354 905 586 735 
553 600 257 985 690 362 826 885 190 971 
26 525 169 180 802 517 391 829 251 220 
671 449 921 554 945 870 193 682 1 948 
500 231 963 451 596 672 399 119 508 317 
276 381 810 337 846 165 830 856 817 159 
578 288 773 760 481 345 858 140 545 191 
747 259 691 516 125 478 856 240 734 592 
899 667 32 303 603 479 397 217 799 360 
482 834 554 733 21 186 630 526 505 297 
922 381 727 229 902 623 500 312 668 530 
288 860 70 742 522 544 668 414 542 642 
269 254 313 284 618 716 825 17 568 696 
815 758 588 21 974 435 102 736 291 593 
768 822 196 252 166 87 539 648 382 687 
90 942 823 513 383 285 611 372 527 746 
814 432 939 419 702 487 680 77 851 854 
776 107 342 371 692 136 539 982 939 145 
920 34 129 245 438 386 419 614 213 630 
887 728 33 621 222 775 769 691 188 738 
356 354 924 420 684 858 85 255 260 2 
481 297 508 942 59 936 337 897 862 319 
831 938 698 913 121 545 320 714 740 976 
546 707 258 827 262 621 74 450 18 50 
138 84 102 768 39 828 367 311 945 893 
848 608 754 959 200 974 205 977 512 54 
400 630 268 504 564 651 959 949 618 724 
393 168 701 908 874 663 804 179 318 89 
270 895 736 480 621 534 520 982 262 504 
831 857 773 607 648 24 259 871 871 765 
937 256 211 666 388 545 804 550 521 908 
15 783 327 447 327 847 458 382 323 946 
587 444 197 611 498 800 815 300 767 842 
389 484 434 365 383 880 360 260 269 789 
294 911 267 793 237 844 805 103 502 1000 
905 961 829 637 593 854 64 4 112 411 
623 522 74 891 971 828 278 561 160 332 
989 323 477 947 713 302 696 367 185 190 
476 244 481 388 452 900 748 927 895 305 
28 422 284 399 29 138 845 205 823 574 
405 90 635 480 499 729 979 791 487 183 
380 220 698 586 108 363 240 985 5 841 
870 920 754 469 805 970 895 585 647 23 
820 559 679 854 632 758 803 33 215 812 
315 53 877 907 8 281 386 502 120 452 
478 386 886 416 939 279 884 427 864 975 
818 579 218 691 229 735 939 867 251 442 
77 620 11 297 573 704 416 153 18 644 
604 564 628 931 494 962 719 621 710 610 
88 748 222 592 612 635 96 574 325 567 
532 101 910 888 488 842 628 830 600 884 
525 29 493 985 770 715 47 190 998 351 
134 926 221 153 338 943 40 719 688 98 
30 131 45 282 26 103 10 961 825 763 
384 615 386 515 731 445 710 59 49 507 
655 500 746 832 714 214 551 448 599 710 
380 388 509 295 239 904 824 402 432 790 
901 200 9 477 338 164 286 254 368 891 
939 490 298 629 162 815 413 131 516 658 
368 280 917 972 275 10 506 631 601 201 
891 536 487 28 427 252 821 216 533 612 
65 778 510 723 649 849 936 460 439 775 
386 982 660 143 186 946 759 814 805 921 
789 203 275 584 801 808 510 133 210 632 
665 488 905 929 866 309 466 705 361 255 
264 803 241 548 362 393 740 61 387 48 
737 644 939 153 383 821 112 516 761 919 
850 884 489 98 480 399 70 241 461 965 
272 71 55 734 544 443 660 174 507 613 
260 819 525 496 732 370 520 216 431 199 
348 891 644 491 718 370 837 326 579 734 
643 28 851 613 989 593 344 220 903 200 
726 652 709 980 83 910 951 327 589 729 
628 602 400 185 673 879 296 191 64 195 
360 125 460 895 475 608 65 756 257 198 
