750 192896 211983 
270 119 648 54 1 523 552 501 788 804 
1019 383 472 411 366 185 631 176 582 334 
396 623 514 877 730 816 1030 271 339 590 
861 370 571 259 577 906 393 621 474 1 
475 192 614 165 787 918 88 257 461 76 
828 296 559 486 423 1026 818 134 179 870 
636 185 420 760 541 698 139 472 805 464 
886 395 123 590 759 859 696 915 711 526 
140 1073 505 644 647 153 239 673 822 200 
601 563 1 444 977 554 453 199 718 923 
682 554 27 374 797 501 433 258 204 619 
698 916 120 920 548 671 916 30 488 941 
583 696 1 765 388 683 533 560 374 702 
220 701 843 396 736 929 326 702 280 473 
893 184 549 141 612 695 754 837 257 279 
523 828 179 1051 578 148 556 469 838 171 
1 349 48 933 685 390 870 343 614 671 
199 75 1016 661 526 134 387 557 233 264 
505 826 148 636 447 121 477 153 131 442 
858 186 300 508 371 962 70 402 599 378 
626 599 423 97 958 449 1 25 292 564 
756 875 470 924 771 794 368 621 387 198 
489 272 332 729 748 1 1035 1 667 665 
548 524 838 410 613 816 683 399 789 426 
914 83 325 593 93 899 729 395 403 453 
296 895 879 672 825 719 628 349 477 290 
729 993 16 333 166 526 186 723 42 701 
912 913 189 396 613 269 183 148 242 495 
863 637 589 540 730 124 293 640 616 455 
957 318 624 384 9 1062 634 736 452 799 
767 1 661 159 864 466 525 636 180 765 
531 621 48 590 381 699 822 528 231 251 
121 969 1057 456 631 630 709 1054 232 1 
904 327 86 743 1034 559 466 701 95 787 
928 869 481 518 377 857 373 649 335 278 
639 474 499 833 855 457 606 474 805 584 
802 692 848 628 212 1 794 768 599 305 
809 830 500 418 204 99 110 138 533 645 
893 570 368 340 490 922 344 914 988 820 
713 435 737 656 139 673 805 646 165 283 
776 302 331 262 813 675 755 844 793 379 
878 925 846 969 844 778 22 588 698 235 
706 939 609 249 62 398 19 559 520 369 
223 113 461 184 133 181 204 649 592 99 
428 782 176 231 117 922 955 969 864 857 
732 623 592 630 202 453 354 449 656 228 
318 259 636 331 596 688 531 105 1002 682 
384 37 359 107 439 1 742 679 879 826 
125 283 31 301 493 1025 565 162 844 521 
120 144 255 22 977 183 656 41 554 630 
440 1007 500 591 748 684 889 636 45 641 
475 506 642 745 951 146 516 751 743 346 
656 659 270 764 545 277 792 739 812 82 
131 860 43 1 734 168 264 604 622 224 
908 196 449 85 252 750 1001 310 704 31 
307 1 164 775 951 806 657 215 130 861 
92 465 417 906 236 250 101 744 199 192 
96 1 779 510 1061 867 167 868 449 912 
827 351 157 296 902 389 114 524 1025 692 
295 541 545 636 121 968 122 470 235 319 
721 998 142 816 286 1068 527 869 690 648 
696 46 613 1 112 935 607 932 416 786 
290 539 132 632 906 421 392 189 740 668 
905 402 130 1062 451 242 111 911 130 271 
806 952 839 432 236 487 1023 216 6 578 
1 830 516 354 838 1 202 659 186 25 
869 389 331 940 160 702 723 836 1 773 
732 352 91 823 635 973 784 886 616 713 
419 387 696 659 374 570 487 595 210 392 
1004 13 506 778 647 579 643 899 1 1 
806 727 716 299 350 105 18 801 771 312 
350 36 793 609 192 739 465 832 948 705 
840 155 778 888 322 795 561 1 251 818 
805 562 817 567 817 380 473 269 829 938 
90 861 209 241 143 361 133 495 508 1 

288 36 706 35 60 442 581 588 829 794 
948 339 476 372 285 261 709 256 601 390 
437 648 436 791 821 856 938 280 422 567 
858 332 532 181 556 889 468 709 452 39 
527 106 558 214 703 923 66 330 487 8 
831 280 533 444 441 936 769 219 84 962 
661 147 336 715 500 732 133 567 716 554 
982 462 190 623 672 953 675 891 745 499 
86 982 499 586 598 234 320 636 914 251 
677 477 13 504 1000 469 529 209 756 924 
621 640 10 344 873 490 487 315 127 669 
739 823 121 921 581 771 823 97 441 941 
536 697 28 791 317 703 492 508 363 795 
266 737 783 464 809 950 321 651 238 476 
899 89 599 143 577 658 782 739 161 362 
557 801 234 996 594 160 574 375 922 245 
9 411 22 910 585 426 923 280 702 625 
291 54 929 606 439 155 350 465 166 324 
419 789 108 736 353 157 542 193 216 353 
874 251 324 528 281 946 164 462 695 365 
647 549 351 95 967 453 40 114 351 501 
756 796 455 889 790 875 428 668 345 122 
402 285 261 748 748 68 963 37 751 643 
469 534 757 478 681 872 749 349 813 437 
933 47 345 531 90 807 738 314 308 544 
227 987 877 738 851 681 600 444 499 361 
707 985 55 403 111 606 186 808 133 719 
892 987 112 367 621 234 191 110 217 460 
961 714 579 619 736 49 243 689 697 531 
890 340 688 466 99 963 710 738 402 744 
844 43 694 93 871 524 447 537 108 679 
626 626 122 538 290 762 757 545 222 349 
174 935 968 414 613 707 674 991 290 45 
864 279 93 840 954 659 563 719 112 752 
873 842 422 604 280 775 280 642 281 219 
612 380 576 784 868 481 547 527 827 662 
810 597 813 678 142 87 865 708 571 223 
896 886 472 382 244 25 147 170 596 737 
839 479 396 359 559 887 287 890 898 740 
639 433 687 698 88 629 744 600 178 377 
760 301 382 219 910 740 662 762 818 354 
943 935 797 997 807 694 43 580 776 308 
769 939 653 240 48 309 66 620 594 402 
167 170 498 209 203 257 262 716 530 111 
422 848 136 190 155 932 917 921 851 767 
657 533 689 715 110 498 255 382 675 282 
237 342 605 238 576 754 582 70 966 621 
448 127 454 140 512 83 675 660 901 799 
39 295 7 294 489 965 554 128 865 573 
155 183 345 43 911 110 579 9 496 722 
343 976 409 523 843 621 967 665 139 711 
456 488 544 820 997 134 450 697 777 378 
745 753 192 756 445 234 891 738 755 45 
97 846 72 77 725 234 221 676 668 246 
827 130 533 62 206 656 993 382 708 46 
362 23 205 843 973 857 730 283 170 809 
23 527 400 834 178 219 91 789 107 201 
88 59 732 544 989 911 185 809 531 974 
926 261 213 368 821 442 80 518 959 645 
299 563 616 623 126 997 37 498 156 404 
710 923 242 823 262 991 440 787 696 711 
788 133 529 6 52 972 571 951 370 794 
389 577 63 634 965 421 322 177 832 692 
944 470 230 987 436 227 41 864 85 275 
772 971 780 428 253 408 933 124 60 618 
51 822 556 407 821 36 167 608 270 75 
796 399 358 884 186 744 675 783 28 866 
741 415 116 797 659 922 737 836 568 688 
491 482 674 657 323 478 583 537 286 416 
983 102 432 691 727 653 547 979 2 18 
847 774 783 350 281 53 32 705 718 233 
262 103 766 656 152 804 547 839 874 715 
809 239 704 823 230 729 482 50 232 764 
727 565 731 628 764 370 403 266 899 974 
91 960 111 170 222 387 220 471 596 65 
